,x,y,u (m/s),v (m/s),p (Pa)
0,0.014384495,0.12556933,0.06998047,-0.003281004,0.015672507
1,0,0.13475671,0.07281374,0,0.015846433
2,0,0.11701039,0.067301214,0,0.015531595
3,0.0141945,0.14327203,0.07473107,-0.002963428,0.01597827
4,0,0.15235177,0.07705856,0,0.016150866
5,0.014673135,0.10754361,0.06386498,-0.003250265,0.015377954
6,0,0.09892626,0.060411718,0,0.015247421
7,0.012888297,0.013746568,0.010627135,-0.00010981,0.01484969
8,0,0.020158125,0.015427119,0,0.014840459
9,0,0,0,0,0.014854623
10,0.019987524,0,0,0,0.014879236
11,0.014140525,0.16079065,0.07822532,-0.002300376,0.016250594
12,0,0.16985565,0.0800753,0,0.016395671
13,0.014590903,0.030354802,0.022699123,-0.000516387,0.014842122
14,0,0.04031625,0.029258814,0,0.014834795
15,0.015144526,0.050052695,0.035591893,-0.001309214,0.014860167
16,0,0.06047098,0.041493155,0,0.01488504
17,0.015264887,0.06975502,0.046794817,-0.002203021,0.014955475
18,0,0.08014575,0.051897783,0,0.015025225
19,0.014969952,0.08899725,0.056217697,-0.002870488,0.0151295
20,0.039975047,0,0,0,0.014853212
21,0.02986306,0.018219914,0.014535761,-0.00040855,0.014812133
22,0.014132923,0.17830396,0.08055414,-0.00132014,0.016444424
23,0,0.18734443,0.08188806,0,0.016538218
24,0.059962574,0,0,0,0.01479704
25,0.05052991,0.017059596,0.014831025,-0.000734677,0.014762281
26,0.014141102,0.19582012,0.08174138,-0.000140553,0.016524496
27,0,0.2047961,0.08249992,0,0.016552363
28,0.15840122,0.17225938,0,0,0.017436035
29,0.15433289,0.16443428,0.02217716,-0.024995105,0.015995929
30,0.16464466,0.16464466,0,0,0.01473134
31,0.07957291,0,0,0,0.014670899
32,0.06848689,0.016337099,0.015899835,-0.000871267,0.014642085
33,0.014035158,0.21332577,0.08179888,0.001065466,0.016474374
34,0,0.2222789,0.08191389,0,0.016433602
35,0.15380563,0.18086676,0,0,0.019757472
36,0.14774974,0.17392665,0.015331451,-0.022839984,0.018235872
37,0.16229776,0.1569815,0.026785553,-0.02208615,0.013605411
38,0.17225938,0.15840122,0,0,0.011948792
39,0.08798345,0.014901965,0.016665228,-0.001014721,0.014476546
40,0.0983415,0,0,0,0.01448313
41,0.013876203,0.23095623,0.08069987,0.002124755,0.016298862
42,0,0.23977959,0.08012538,0,0.01619827
43,0.15096931,0.1902025,0,0,0.021307388
44,0.14377856,0.18499288,0.008307985,-0.014372339,0.019980986
45,0.17085868,0.14963308,0.03539129,-0.019850094,0.011247034
46,0.18086676,0.15380563,0,0,0.009614011
47,0.106810585,0.014370256,0.01863767,-0.001142813,0.014224882
48,0.11632936,0,0,0,0.014209287
49,0.013889375,0.2484887,0.0784383,0.002926378,0.01602496
50,0,0.25732446,0.07712528,0,0.015880946
51,0.15,0.2,0,0,0.021977004
52,0.14301258,0.19635534,0.003798374,-0.002932385,0.02100826
53,0.1820991,0.14463037,0.037779275,-0.012816375,0.009039299
54,0.1902025,0.15096931,0,0,0.007745781
55,0.12489822,0.014048229,0.02102136,-0.001214776,0.013886871
56,0.13390304,0,0,0,0.013836378
57,0.014023411,0.26610303,0.07496856,0.003405692,0.015693385
58,0,0.2750834,0.07285779,0,0.015528184
59,0.15096931,0.20979749,0,0,0.021357136
60,0.14227934,0.20734726,0.005324991,0.008189523,0.020682253
61,0.19406727,0.1422642,0.035752103,-0.004943773,0.007329985
62,0.2,0.15,0,0,0.00635008
63,0.14254381,0.01385126,0.023602704,-0.001214871,0.013454186
64,0.15137787,0,0,0,0.013350166
65,0.014165733,0.28395778,0.070197895,0.003525409,0.015351419
66,0,0.2929624,0.06731061,0,0.015188772
67,0.15380563,0.21913323,0,0,0.019719332
68,0.14459594,0.21848728,0.010257492,0.018782305,0.019437464
69,0.2060633,0.14254956,0.03056122,0.001546845,0.006184749
70,0.20979749,0.15096931,0,0,0.005419576
71,0.16011475,0.013770336,0.02625933,-0.001114183,0.012920799
72,0.16874602,0,0,0,0.012760029
73,0.014609024,0.30206198,0.064061336,0.003382362,0.01503959
74,0,0.31107363,0.060411762,0,0.014894721
75,0.15840122,0.22774062,0,0,0.017289456
76,0.14931501,0.22881392,0.017375834,0.025275925,0.017493784
77,0.21617894,0.14657867,0.01892611,0.004618053,0.0054321
78,0.21913323,0.15380563,0,0,0.004938521
79,0.17760518,0.013724543,0.02860758,-0.000896672,0.012305737
80,0.18610609,0,0,0,0.012085898
81,0.015149156,0.32039198,0.05652383,0.002959231,0.014786076
82,0,0.32985425,0.051897783,0,0.014666493
83,0.16464466,0.23535533,0,0,0.014535905
84,0.1557585,0.23825724,0.026137283,0.02794539,0.015058209
85,0.22631888,0.14875579,0.018367883,0.007568004,0.005283085
86,0.22774062,0.15840122,0,0,0.004759555
87,0.19505286,0.01381729,0.030611254,-0.000584925,0.011637345
88,0.20355475,0,0,0,0.011361786
89,0.015998047,0.33916724,0.04741351,0.002326811,0.014607207
90,0,0.34952903,0.041493155,0,0.014528197
91,0.016424874,0.35832727,0.03663789,0.001416698,0.01451773
92,0,0.36968374,0.029258814,0,0.014484852
93,0.17225938,0.24159877,0,0,0.011750692
94,0.16432948,0.24543156,0.030846898,0.023877151,0.012553201
95,0.23567267,0.15472226,0.012375,0.00776744,0.005248226
96,0.23535533,0.16464466,0,0,0.004900144
97,0.21239871,0.013909079,0.031809837,-0.000213139,0.010952297
98,0.2209603,0,0,0,0.010633181
99,0.017718995,0.37945655,0.022931049,0.000613096,0.014490761
100,0,0.38984188,0.015427119,0,0.014494021
101,0.013526485,0.39685062,0.010161601,0.000125483,0.014519165
102,0,0.41,0,0,0.014522961
103,0.18086676,0.24619436,0,0,0.00939077
104,0.17382888,0.2521396,0.03750977,0.019569274,0.010185572
105,0.24425057,0.1618859,0.00818124,0.00710448,0.005466322
106,0.24159877,0.17225938,0,0,0.005194843
107,0.22986178,0.013972468,0.032057397,0.000182838,0.010285763
108,0.23831305,0,0,0,0.009946496
109,0.01991181,0.41,0,0,0.014536969
110,0.1902025,0.2490307,0,0,0.007477394
111,0.1849912,0.25622356,0.037933882,0.011790227,0.008171095
112,0.2508624,0.1712798,0.004205394,0.005047743,0.005703509
113,0.24619436,0.18086676,0,0,0.005562807
114,0.24729759,0.013987199,0.031369317,0.000500805,0.009675965
115,0.25571686,0,0,0,0.009336115
116,0.030001614,0.39495468,0.012029722,0.000291887,0.014474281
117,0.03982362,0.41,0,0,0.014503141
118,0.19612516,0.25685433,0.030875616,0.003611659,0.006699336
119,0.2,0.25,0,0,0.006037597
120,0.25563684,0.18174057,0.001834435,0.003027962,0.005979381
121,0.2490307,0.1902025,0,0,0.005858309
122,0.26478466,0.014073631,0.030160967,0.000736775,0.009143139
123,0.27323222,0,0,0,0.008818101
124,0.04961318,0.39437056,0.013531354,0.000572638,0.014416125
125,0.059735432,0.41,0,0,0.014446384
126,0.20979749,0.2490307,0,0,0.005163344
127,0.20729862,0.25755918,0.030297894,-0.001736309,0.005797515
128,0.25793165,0.19306304,0.000640621,0.001228194,0.006127446
129,0.25,0.2,0,0,0.005991171
130,0.2825172,0.014336581,0.028797094,0.000891743,0.008691159
131,0.29091877,0,0,0,0.008390529
132,0.0692717,0.39414808,0.015350289,0.000812685,0.014305888
133,0.0792844,0.41,0,0,0.014335984
134,0.21913323,0.24619436,0,0,0.00474749
135,0.21832243,0.25484294,0.023434706,-0.005614313,0.005258128
136,0.22774062,0.24159877,0,0,0.004703344
137,0.22838289,0.25011095,0.016311787,-0.0070637,0.005080841
138,0.24159877,0.22774062,0,0,0.005244246
139,0.24618936,0.23588663,0.006526224,-0.005879439,0.005459095
140,0.23535533,0.23535533,0,0,0.004893364
141,0.25808924,0.20465365,0.000457961,-0.000273798,0.006153894
142,0.2490307,0.20979749,0,0,0.005906882
143,0.25573024,0.21582857,0.001125763,-0.001791046,0.005999443
144,0.24619436,0.21913323,0,0,0.005615439
145,0.25227726,0.2262339,0.003095482,-0.003808188,0.005772281
146,0.3004233,0.014642339,0.027212508,0.000960354,0.008319153
147,0.3090669,0,0,0,0.008045139
148,0.088307545,0.39468762,0.016893525,0.000981819,0.014144884
149,0.098003834,0.41,0,0,0.014163248
150,0.23816058,0.2441294,0.011442017,-0.007350938,0.005219217
151,0.31853142,0.014917826,0.025426388,0.000973645,0.008015216
152,0.32728657,0,0,0,0.007772095
153,0.10680548,0.3951036,0.018834354,0.001116441,0.01391465
154,0.116167806,0.41,0,0,0.013906598
155,0.33675078,0.015131152,0.023575777,0.000914071,0.00777101
156,0.34552225,0,0,0,0.007561824
157,0.124964826,0.39534375,0.021191686,0.001184396,0.013600498
158,0.13426013,0.41,0,0,0.013554812
159,0.35513735,0.015307884,0.021831144,0.000809852,0.00757562
160,0.3641889,0,0,0,0.007397004
161,0.14290895,0.3954512,0.02379779,0.001200121,0.01319902
162,0.15216641,0.41,0,0,0.013101083
163,0.37384894,0.015478139,0.020266889,0.000708081,0.007414016
164,0.38303187,0,0,0,0.007261341
165,0.16079313,0.39552096,0.026381813,0.001106945,0.012706766
166,0.16996333,0.41,0,0,0.012552743
167,0.3927987,0.01563569,0.018905967,0.000601977,0.007276525
168,0.40216398,0,0,0,0.007146511
169,0.17861657,0.39561424,0.028588789,0.000896832,0.012141923
170,0.18775967,0.41,0,0,0.011928822
171,0.41199735,0.015783913,0.017757572,0.000501426,0.007157198
172,0.42143887,0,0,0,0.007045603
173,0.19642241,0.3957479,0.030142222,0.000587953,0.011528426
174,0.20564543,0.41,0,0,0.011262775
175,0.43145728,0.015920876,0.016802903,0.000411834,0.00704904
176,0.44109786,0,0,0,0.006952057
177,0.2142753,0.39581263,0.031077072,0.000252974,0.010897434
178,0.22346944,0.41,0,0,0.010593854
179,0.4511685,0.01604328,0.016016193,0.000335595,0.00694851
180,0.46108538,0,0,0,0.006862719
181,0.23213258,0.3957384,0.03149506,-8.73692E-05,0.01027941
182,0.24125457,0.41,0,0,0.009955993
183,0.4710905,0.016131213,0.015358164,0.000271137,0.006853074
184,0.4810729,0,0,0,0.006776379
185,0.2500749,0.39564666,0.031176513,-0.00040112,0.009702494
186,0.2591104,0.41,0,0,0.009378128
187,0.49105766,0.016159687,0.014790488,0.000215776,0.006761224
188,0.5010604,0,0,0,0.006692119
189,0.26804173,0.39562425,0.030085139,-0.000619694,0.009192078
190,0.27712977,0.41,0,0,0.008879728
191,0.51104414,0.016177993,0.014334301,0.000170998,0.006672
192,0.52104795,0,0,0,0.006608806
193,0.2860513,0.3955278,0.028698709,-0.00075472,0.008756481
194,0.29528534,0.41,0,0,0.008464543
195,0.53103554,0.01618637,0.013966793,0.000135476,0.006584448
196,0.5410355,0,0,0,0.006525836
197,0.30426008,0.3953364,0.027197774,-0.000830635,0.008389697
198,0.31354094,0.41,0,0,0.008124977
199,0.5510262,0.016189447,0.01367188,0.000107616,0.006497997
200,0.561023,0,0,0,0.006442949
201,0.3226729,0.39506364,0.02569867,-0.000843882,0.008086105
202,0.33212423,0.41,0,0,0.007850554
203,0.5710155,0.016190413,0.013436048,8.56871E-05,0.006412347
204,0.5810105,0,0,0,0.006360098
205,0.34137106,0.39481854,0.02413315,-0.000810691,0.007835821
206,0.35094443,0.41,0,0,0.007629228
207,0.59100384,0.016190737,0.013247693,6.84056E-05,0.006327316
208,0.60099804,0,0,0,0.006277292
209,0.36028722,0.3945902,0.022624493,-0.00074792,0.007628447
210,0.36984465,0.41,0,0,0.007449633
211,0.61099166,0.016190846,0.013097169,5.47092E-05,0.00624281
212,0.62098557,0,0,0,0.006194579
213,0.3794177,0.39440694,0.021199316,-0.000662444,0.007454046
214,0.38906178,0.41,0,0,0.007300318
215,0.6309793,0.016190879,0.012976806,4.3801E-05,0.006158778
216,0.6409731,0,0,0,0.006112005
217,0.39874884,0.39425603,0.019917741,-0.000571667,0.007305362
218,0.4083795,0.41,0,0,0.007172877
219,0.6509669,0.01619089,0.012880546,3.50787E-05,0.006075183
220,0.6609606,0,0,0,0.006029608
221,0.41827378,0.39412346,0.018808387,-0.000482847,0.007174418
222,0.42803934,0.41,0,0,0.00705918
223,0.6709544,0.016190892,0.012803596,2.80816E-05,0.005992001
224,0.68094814,0,0,0,0.005947414
225,0.43795022,0.39402515,0.017845675,-0.000404661,0.007056281
226,0.44779298,0.41,0,0,0.006954764
227,0.69094193,0.016190894,0.012742148,2.24527E-05,0.005909205
228,0.70093566,0,0,0,0.005865439
229,0.45774218,0.39393312,0.017044825,-0.000336391,0.006946778
230,0.4676725,0.41,0,0,0.00685635
231,0.71092945,0.016190894,0.012693173,1.79147E-05,0.00582677
232,0.7209232,0,0,0,0.005783689
233,0.47761706,0.39388895,0.016344113,-0.000277363,0.006843517
234,0.4875843,0.41,0,0,0.00676207
235,0.730917,0.016190894,0.012654247,1.42533E-05,0.005744671
236,0.7409107,0,0,0,0.005702161
237,0.4975217,0.39386463,0.015752992,-0.000228271,0.006744684
238,0.5074961,0.41,0,0,0.006670492
239,0.7509045,0.016190894,0.012623414,1.13013E-05,0.005662882
240,0.76089823,0,0,0,0.005620849
241,0.517438,0.39384913,0.015260744,-0.000188182,0.006649065
242,0.52740794,0.41,0,0,0.006580678
243,0.770892,0.016190894,0.01259909,8.92598E-06,0.005581376
244,0.78088576,0,0,0,0.005539742
245,0.5373556,0.39384225,0.014848238,-0.000155796,0.00655583
246,0.5473197,0.41,0,0,0.006492085
247,0.79087955,0.016190894,0.012579991,7.02139E-06,0.005500129
248,0.8008733,0,0,0,0.005458829
249,0.55727124,0.39383817,0.014504014,-0.00012983,0.006464434
250,0.56723154,0.41,0,0,0.006404417
251,0.8108671,0.016190894,0.012565062,5.50228E-06,0.005419118
252,0.8208608,0,0,0,0.005378097
253,0.5771847,0.3938359,0.014215193,-0.000108974,0.006374529
254,0.58714336,0.41,0,0,0.006317546
255,0.8308546,0.016190894,0.012553452,4.29481E-06,0.005338321
256,0.8408483,0,0,0,0.005297535
257,0.5970974,0.39383456,0.013971549,-9.21284E-05,0.006285899
258,0.6070552,0.41,0,0,0.006231425
259,0.8508421,0.016190894,0.012544464,3.34082E-06,0.005257722
260,0.86083585,0,0,0,0.005217133
261,0.61701006,0.39383385,0.013764711,-7.84129E-05,0.006198409
262,0.62696695,0.41,0,0,0.006146043
263,0.87082964,0.016190894,0.012537542,2.59145E-06,0.005177301
264,0.8808234,0,0,0,0.005136879
265,0.63692236,0.39383355,0.013588075,-6.71406E-05,0.00611197
266,0.6468788,0.41,0,0,0.006061397
267,0.89081717,0.016190894,0.01253223,2.00711E-06,0.005097045
268,0.9008109,0,0,0,0.005056764
269,0.65683424,0.39383343,0.013436539,-5.7782E-05,0.006026511
270,0.6667906,0.41,0,0,0.005977479
271,0.9108047,0.016190894,0.012528165,1.55612E-06,0.00501694
272,0.9207984,0,0,0,0.004976778
273,0.67674583,0.3938333,0.013306027,-4.99335E-05,0.005941966
274,0.68670243,0.41,0,0,0.005894269
275,0.9307922,0.016190894,0.012525054,1.21264E-06,0.004936973
276,0.94078594,0,0,0,0.004896914
277,0.6966573,0.39383322,0.013193154,-4.32935E-05,0.00585827
278,0.7066142,0.41,0,0,0.005811735
279,0.95077974,0.016190894,0.012522659,9.55195E-07,0.004857134
280,0.96077347,0,0,0,0.004817162
281,0.71656877,0.39383322,0.013095202,-3.76347E-05,0.005775353
282,0.726526,0.41,0,0,0.005729834
283,0.97076726,0.016190894,0.012520796,7.65914E-07,0.004777413
284,0.980761,0,0,0,0.004737516
285,0.73648053,0.39383328,0.013009983,-3.27793E-05,0.005693149
286,0.74643785,0.41,0,0,0.005648521
287,0.9907548,0.016190894,0.012519313,6.30026E-07,0.004697801
288,1.0007485,0,0,0,0.004657971
289,0.7563926,0.3938334,0.012935706,-2.85872E-05,0.005611591
290,0.7663497,0.41,0,0,0.005567746
291,1.0107423,0.016190894,0.012518099,5.35431E-07,0.004618291
292,1.0207361,0,0,0,0.004578518
293,0.7763048,0.3938335,0.01287097,-2.49482E-05,0.005530614
294,0.78626144,0.41,0,0,0.005487457
295,1.0307299,0.016190894,0.012517063,4.72294E-07,0.004538876
296,1.0407236,0,0,0,0.004499154
297,0.79621696,0.39383337,0.012814613,-2.17742E-05,0.005450155
298,0.80617326,0.41,0,0,0.005407601
299,1.0507174,0.016190894,0.01251614,4.32673E-07,0.004459549
300,1.0607111,0,0,0,0.004419873
301,0.8161291,0.39383325,0.012765472,-1.89963E-05,0.005370153
302,0.8260851,0.41,0,0,0.005328126
303,1.0707049,0.016190894,0.01251528,4.10202E-07,0.004380305
304,1.0806986,0,0,0,0.00434067
305,0.83604103,0.39383328,0.012722499,-1.6561E-05,0.005290551
306,0.8459969,0.41,0,0,0.005248984
307,1.0906924,0.016190894,0.01251445,3.99816E-07,0.004301138
308,1.1006862,0,0,0,0.00426154
309,0.8559526,0.39383337,0.012684987,-1.44215E-05,0.005211297
310,0.8659087,0.41,0,0,0.00517013
311,1.11068,0.016190894,0.012513624,3.97526E-07,0.004222044
312,1.1206737,0,0,0,0.00418248
313,0.8758641,0.3938334,0.012652395,-1.2536E-05,0.005132341
314,0.8858205,0.41,0,0,0.005091521
315,1.1306674,0.016190894,0.012512786,4.0022E-07,0.004143017
316,1.1406612,0,0,0,0.004103484
317,0.8957757,0.39383346,0.012624048,-1.08743E-05,0.005053638
318,0.90573233,0.41,0,0,0.005013119
319,1.150655,0.016190894,0.01251193,4.05514E-07,0.004064053
320,1.1606487,0,0,0,0.004024549
321,0.91568726,0.3938337,0.012599321,-9.41488E-06,0.004975147
322,0.92564416,0.41,0,0,0.004934887
323,1.1706425,0.016190894,0.012511049,4.11615E-07,0.003985149
324,1.1806363,0,0,0,0.003945672
325,0.93559885,0.39383394,0.012577899,-8.13456E-06,0.004896835
326,0.9455559,0.41,0,0,0.004856798
327,1.1906301,0.016190894,0.012510146,4.17224E-07,0.003906299
328,1.2006238,0,0,0,0.003866847
329,0.9555105,0.39383394,0.012559548,-7.00798E-06,0.004818668
330,0.96546775,0.41,0,0,0.004778824
331,1.2106175,0.016190894,0.012509221,4.21438E-07,0.0038275
332,1.2206113,0,0,0,0.003788072
333,0.97542244,0.3938338,0.012543861,-6.01543E-06,0.004740621
334,0.9853796,0.41,0,0,0.004700941
335,1.2306051,0.016190894,0.012508282,4.2368E-07,0.003748749
336,1.2405988,0,0,0,0.003709343
337,0.9953344,0.39383373,0.012530369,-5.14433E-06,0.004662668
338,1.0052913,0.41,0,0,0.004623128
339,1.2505926,0.016190894,0.012507331,4.2363E-07,0.003670042
340,1.2605864,0,0,0,0.003630657
341,1.0152462,0.39383373,0.012518775,-4.38334E-06,0.00458479
342,1.0252032,0.41,0,0,0.004545367
343,1.2705802,0.016190894,0.012506376,4.21162E-07,0.003591376
344,1.2805738,0,0,0,0.00355201
345,1.035158,0.3938337,0.012508921,-3.71943E-06,0.004506968
346,1.045115,0.41,0,0,0.004467644
347,1.2905676,0.016190894,0.012505423,4.16298E-07,0.003512748
348,1.3005614,0,0,0,0.003473399
349,1.05507,0.3938336,0.01250062,-3.13999E-06,0.004429187
350,1.0650268,0.41,0,0,0.004389947
351,1.3105552,0.016190894,0.012504479,4.09153E-07,0.003434154
352,1.3205489,0,0,0,0.003394822
353,1.0749819,0.39383352,0.01249365,-2.63456E-06,0.004351436
354,1.0849386,0.41,0,0,0.004312265
355,1.3305427,0.016190894,0.012503549,3.99902E-07,0.003355591
356,1.3405365,0,0,0,0.003316276
357,1.0948938,0.3938334,0.012487816,-2.19443E-06,0.004273705
358,1.1048504,0.41,0,0,0.004234591
359,1.3505303,0.016190894,0.012502637,3.88754E-07,0.003277058
360,1.3605239,0,0,0,0.003237757
361,1.1148057,0.3938333,0.012482971,-1.81252E-06,0.004195985
362,1.1247623,0.41,0,0,0.004156917
363,1.3705177,0.016190894,0.01250175,3.75941E-07,0.003198551
364,1.3805115,0,0,0,0.003159264
365,1.1347175,0.39383313,0.012479053,-1.48218E-06,0.004118268
366,1.1446741,0.41,0,0,0.004079238
367,1.3905053,0.016190894,0.012500891,3.61708E-07,0.003120069
368,1.400499,0,0,0,0.003080794
369,1.1546295,0.39383274,0.01247602,-1.19721E-06,0.004040549
370,1.1645858,0.41,0,0,0.004001549
371,1.4104928,0.016190894,0.012500064,3.46311E-07,0.003041608
372,1.4204866,0,0,0,0.003002346
373,1.1745416,0.39383233,0.012473662,-9.53345E-07,0.003962821
374,1.1844977,0.41,0,0,0.003923845
375,1.4304804,0.016190894,0.012499272,3.30006E-07,0.002963167
376,1.440474,0,0,0,0.002923916
377,1.1944535,0.39383212,0.012471717,-7.4708E-07,0.003885083
378,1.2044095,0.41,0,0,0.003846125
379,1.4504678,0.016190894,0.012498517,3.13033E-07,0.002884744
380,1.4604616,0,0,0,0.002845503
381,1.2143654,0.39383206,0.012470107,-5.67734E-07,0.003807334
382,1.2243212,0.41,0,0,0.003768387
383,1.4704554,0.016190894,0.0124978,2.95603E-07,0.002806338
384,1.4804491,0,0,0,0.002767106
385,1.2342751,0.39383358,0.012467729,-4.19021E-07,0.003729575
386,1.2442331,0.41,0,0,0.003690632
387,1.4904429,0.016190894,0.012497122,2.77908E-07,0.002727945
388,1.5004367,0,0,0,0.002688722
389,1.2541866,0.39383358,0.012466793,-2.95636E-07,0.003651795
390,1.2641449,0.41,0,0,0.003612856
391,1.5104305,0.016190894,0.012496485,2.60161E-07,0.002649566
392,1.5204241,0,0,0,0.00261035
393,1.2740986,0.39383367,0.01246609,-1.94387E-07,0.003573996
394,1.2840567,0.41,0,0,0.00353506
395,1.5304179,0.016190894,0.012495888,2.42635E-07,0.002571198
396,1.5404117,0,0,0,0.00253199
397,1.2940109,0.3938337,0.012465651,-1.09843E-07,0.003496179
398,1.3039685,0.41,0,0,0.003457247
399,1.5504055,0.016190894,0.012495332,2.25648E-07,0.00249284
400,1.5603992,0,0,0,0.002453638
401,1.3139231,0.39383367,0.012465464,-3.79524E-08,0.003418346
402,1.3238803,0.41,0,0,0.003379415
403,1.570393,0.016190894,0.012494814,2.09479E-07,0.002414491
404,1.5803868,0,0,0,0.002375295
405,1.333835,0.3938336,0.01246544,2.02183E-08,0.003340497
406,1.3437922,0.41,0,0,0.003301565
407,1.5903805,0.016190894,0.012494332,1.9428E-07,0.002336149
408,1.6003742,0,0,0,0.002296959
409,1.3537469,0.39383364,0.012465502,6.4955E-08,0.003262632
410,1.363704,0.41,0,0,0.003223697
411,1.610368,0.016190894,0.012493885,1.80094E-07,0.002257815
412,1.6203618,0,0,0,0.002218629
413,1.3736588,0.3938337,0.012465622,9.89035E-08,0.00318475
414,1.3836157,0.41,0,0,0.003145812
415,1.6303556,0.016190894,0.01249347,1.66969E-07,0.002179487
416,1.6403493,0,0,0,0.002140305
417,1.3935708,0.39383373,0.012465852,1.24472E-07,0.003106854
418,1.4035276,0.41,0,0,0.003067913
419,1.6503431,0.016190894,0.012493083,1.55116E-07,0.002101164
420,1.6603369,0,0,0,0.002061986
421,1.4134829,0.39383355,0.012466282,1.44293E-07,0.003028944
422,1.4234394,0.41,0,0,0.00299
423,1.6703306,0.016190894,0.012492723,1.45064E-07,0.002022846
424,1.6803243,0,0,0,0.001983671
425,1.433395,0.39383322,0.012466864,1.59521E-07,0.002951021
426,1.4433511,0.41,0,0,0.002912073
427,1.6903181,0.016190894,0.012492384,1.37676E-07,0.001944532
428,1.7003119,0,0,0,0.00190536
429,1.453307,0.39383298,0.012467413,1.68115E-07,0.002873086
430,1.463263,0.41,0,0,0.002834133
431,1.7103057,0.016190894,0.012492058,1.33794E-07,0.001866222
432,1.7202994,0,0,0,0.001827052
433,1.4732187,0.39383298,0.012467815,1.69478E-07,0.00279514
434,1.4831748,0.41,0,0,0.002756181
435,1.7302932,0.016190894,0.012491736,1.34172E-07,0.001787916
436,1.740287,0,0,0,0.001748747
437,1.4931302,0.39383313,0.012468087,1.66178E-07,0.002717183
438,1.5030867,0.41,0,0,0.002678218
439,1.7502807,0.016190894,0.012491407,1.41106E-07,0.001709613
440,1.7602744,0,0,0,0.001670445
441,1.5130419,0.39383337,0.012468296,1.60803E-07,0.002639217
442,1.5229985,0.41,0,0,0.002600247
443,1.7702682,0.016190894,0.01249105,1.57428E-07,0.001631315
444,1.780262,0,0,0,0.001592147
445,1.5329534,0.39383355,0.012468537,1.55935E-07,0.002561244
446,1.5429102,0.41,0,0,0.00252227
447,1.7902558,0.016190894,0.012490643,1.8548E-07,0.001553022
448,1.8002495,0,0,0,0.001513853
449,1.5528651,0.39383364,0.012468846,1.52191E-07,0.002483265
450,1.5628221,0.41,0,0,0.002444286
451,1.8102432,0.016190894,0.012490157,2.26487E-07,0.001474736
452,1.820237,0,0,0,0.001435566
453,1.572777,0.39383367,0.012469169,1.47231E-07,0.002405279
454,1.5827339,0.41,0,0,0.002366296
455,1.8302308,0.016190894,0.012489557,2.8369E-07,0.00139646
456,1.8402245,0,0,0,0.001357288
457,1.5926888,0.39383376,0.012469457,1.39593E-07,0.002327287
458,1.6026456,0.41,0,0,0.002288301
459,1.8502183,0.016190894,0.012488796,3.6502E-07,0.001318198
460,1.8602121,0,0,0,0.001279021
461,1.6126007,0.39383385,0.012469706,1.28991E-07,0.00224929
462,1.6225575,0.41,0,0,0.0022103
463,1.8702059,0.016190894,0.012487805,4.82439E-07,0.001239952
464,1.8801997,0,0,0,0.001200769
465,1.8901933,0.016190894,0.01248648,6.50408E-07,0.001161731
466,1.9001871,0,0,0,0.001122538
467,1.6325123,0.3938339,0.012469946,1.15979E-07,0.002171288
468,1.6424693,0.41,0,0,0.002132296
469,1.9101809,0.016190894,0.01248468,8.88496E-07,0.001083542
470,1.9201747,0,0,0,0.001044333
471,1.6524241,0.39383385,0.012470264,1.03403E-07,0.002093284
472,1.6623812,0.41,0,0,0.002054288
473,1.9301684,0.016190814,0.012482141,1.22659E-06,0.001005396
474,1.9401622,0,0,0,0.000966158
475,1.9501561,0.016189976,0.012478038,1.74139E-06,0.000927305
476,1.9601498,0,0,0,0.000888017
477,1.9701438,0.016187213,0.01247094,2.57596E-06,0.000849293
478,1.9801372,0,0,0,0.000809922
479,1.672336,0.39383364,0.012470657,9.25311E-08,0.002015276
480,1.6822929,0.41,0,0,0.001976278
481,1.9901313,0.016182924,0.01246016,3.96103E-06,0.000771407
482,2.0001247,0,0,0,0.000731913
483,1.6922477,0.39383352,0.012470943,7.90887E-08,0.001937266
484,1.7022047,0.41,0,0,0.001898265
485,2.010118,0.016180148,0.012446394,6.10897E-06,0.000693739
486,2.0201123,0,0,0,0.000654033
487,2.0301015,0.016182242,0.012429827,9.45524E-06,0.000616396
488,2.0400999,0,0,0,0.000576278
489,1.7121596,0.39383364,0.012471017,5.9291E-08,0.001859255
490,1.7221166,0.41,0,0,0.00182025
491,2.0500963,0.016187614,0.012405113,1.54155E-05,0.00053951
492,2.0600874,0,0,0,0.000498657
493,2.0700998,0.016200675,0.012366678,2.68623E-05,0.000463483
494,2.0800748,0,0,0,0.000421344
495,1.7320714,0.3938338,0.012471044,3.62865E-08,0.001781242
496,1.7420284,0.41,0,0,0.001742236
497,2.0901356,0.016214494,0.012291889,4.91536E-05,0.000389311
498,2.1000624,0,0,0,0.000345121
499,2.1102242,0.01624863,0.012162654,9.29049E-05,0.000319561
500,2.12005,0,0,0,0.000273037
501,1.7519834,0.3938337,0.01247118,1.43423E-08,0.001703231
502,1.7619401,0.41,0,0,0.001664224
503,2.1303265,0.016138587,0.011803707,0.000175365,0.00026131
504,2.1400375,0,0,0,0.000216517
505,2.1502883,0.015548752,0.010906333,0.000312262,0.000232063
506,2.160025,0,0,0,0.000224245
507,1.7718955,0.39383352,0.012471321,-9.68127E-09,0.001625222
508,1.781852,0.41,0,0,0.001586213
509,2.169911,0.014618737,0.00962705,0.000402829,0.000295391
510,2.1800125,0,0,0,0.000459922
511,2.1865225,0.012720475,0.00840675,-0.000336334,0.000543031
512,2.2,0,0,0,0.001112862
513,1.7918075,0.39383343,0.012471319,-4.44172E-08,0.001547215
514,1.8017638,0.41,0,0,0.001508203
515,2.2,0.019523809,0.0164353,-0.006449672,0.000450148
516,1.8117195,0.3938334,0.012471182,-9.62794E-08,0.001469212
517,1.8216757,0.41,0,0,0.001430196
518,2.2,0.039047617,0.028484445,-0.008002483,7.63832E-05
519,2.182368,0.029625311,0.021039294,-0.000667279,0.000153707
520,1.8316315,0.3938333,0.012470945,-1.67792E-07,0.001391215
521,1.8415874,0.41,0,0,0.001352195
522,2.1839375,0.05009747,0.035022266,-0.001968036,2.34346E-05
523,2.2,0.058571428,0.040151007,-0.008064368,-2.5392E-05
524,1.8515434,0.39383325,0.012470505,-2.63099E-07,0.00131323
525,1.8614992,0.41,0,0,0.001274203
526,2.1839044,0.06882686,0.046038695,-0.002016593,-5.33351E-05
527,2.2,0.078095235,0.050572053,-0.007210432,-8.00188E-05
528,1.8714551,0.3938333,0.012469696,-3.92931E-07,0.001235261
529,1.8814111,0.41,0,0,0.001196224
530,2.1840425,0.088078834,0.05585688,-0.001832507,-7.35895E-05
531,2.2,0.09761905,0.059642192,-0.006018939,-9.0595E-05
532,1.8913666,0.39383358,0.01246836,-5.76377E-07,0.001157313
533,1.9013228,0.41,0,0,0.001118261
534,2.18404,0.107487485,0.06413984,-0.001504765,-7.37999E-05
535,2.2,0.117142856,0.06719047,-0.004773734,-8.60145E-05
536,1.9112781,0.39383414,0.012466301,-8.4185E-07,0.001079396
537,1.9212346,0.41,0,0,0.001040322
538,2.1840246,0.12693554,0.07086079,-0.001160648,-6.35483E-05
539,2.2,0.13666667,0.07320786,-0.003589242,-7.60172E-05
540,1.9311897,0.39383513,0.012463154,-1.23304E-06,0.001001523
541,1.9411465,0.41,0,0,0.000962415
542,2.184005,0.14642714,0.076060355,-0.000838368,-5.13887E-05
543,2.2,0.15619047,0.077704854,-0.002490721,-6.66383E-05
544,1.9511011,0.3938369,0.012458285,-1.82703E-06,0.000923714
545,1.9610583,0.41,0,0,0.000884556
546,2.1839812,0.16594055,0.07976419,-0.000540889,-4.11851E-05
547,2.2,0.17571428,0.08069663,-0.001463306,-5.98512E-05
548,1.9710126,0.3938398,0.012450835,-2.70953E-06,0.000846001
549,1.9809701,0.41,0,0,0.000806767
550,2.1839647,0.18546519,0.08198282,-0.000263334,-3.45855E-05
551,2.2,0.1952381,0.0821901,-0.00048057,-5.63229E-05
552,1.9909253,0.39384314,0.012440489,-4.04734E-06,0.000768422
553,2.000882,0.41,0,0,0.000729074
554,2.1839566,0.2049936,0.08272033,2.45534E-06,-3.22944E-05
555,2.2,0.2147619,0.0821886,0.000486057,-5.6274E-05
556,2.0108426,0.39384663,0.012426051,-6.09869E-06,0.000691037
557,2.0207937,0.41,0,0,0.000651495
558,2.1839542,0.22452278,0.08198039,0.000267247,-3.44622E-05
559,2.2,0.23428571,0.08069383,0.001467087,-5.97238E-05
560,2.0307703,0.39385292,0.012403217,-9.51661E-06,0.000613923
561,2.0407054,0.41,0,0,0.000574042
562,2.1839545,0.24405101,0.07976241,0.000542286,-4.08959E-05
563,2.2,0.2538095,0.07770275,0.002493055,-6.64825E-05
564,2.0507052,0.39387158,0.012360451,-1.53345E-05,0.000537275
565,2.0606172,0.41,0,0,0.000496656
566,2.1839545,0.26357898,0.076057665,0.000837036,-5.09318E-05
567,2.2,0.27333334,0.07320637,0.003590151,-7.58269E-05
568,2.0706398,0.39396676,0.01224193,-2.68144E-05,0.000461519
569,2.0805292,0.41,0,0,0.000419619
570,2.1839447,0.28310353,0.07084782,0.001155219,-6.27968E-05
571,2.2,0.29285714,0.06719284,0.00477034,-8.56159E-05
572,2.0905194,0.3940268,0.012112592,-4.89567E-05,0.000387955
573,2.100441,0.41,0,0,0.000343634
574,2.1839254,0.30261874,0.064102404,0.001488548,-7.22045E-05
575,2.2,0.31238094,0.059650607,0.006011121,-9.04267E-05
576,2.1102798,0.39403254,0.011955254,-9.25045E-05,0.000319328
577,2.1203527,0.41,0,0,0.000272553
578,2.183701,0.32208848,0.05579655,0.001762381,-7.02591E-05
579,2.2,0.33190477,0.050601307,0.007198522,-8.04651E-05
580,2.1297858,0.39389795,0.011777982,-0.000170156,0.000262772
581,2.1402645,0.41,0,0,0.000218457
582,2.183662,0.34167522,0.04578483,0.001953308,-4.5166E-05
583,2.2,0.35142857,0.04014702,0.008074652,-3.2143E-05
584,2.148961,0.39396498,0.011281161,-0.000289851,0.000231982
585,2.1601763,0.41,0,0,0.000226829
586,2.184265,0.36124387,0.03415069,0.001985356,2.83031E-05
587,2.2,0.37095237,0.028499682,0.008064227,6.49873E-05
588,2.1696126,0.39272952,0.011534466,-0.000491239,0.000277348
589,2.1800883,0.41,0,0,0.000455343
590,2.1855175,0.38007483,0.021430124,0.001462203,0.000153328
591,2.2,0.3904762,0.016429598,0.006482526,0.000448576
592,2.1870437,0.3966561,0.008983669,0.000463954,0.000544918
593,2.2,0.41,0,0,0.001119762
594,0.10559051,0.16709828,0.055776738,-0.024184503,0.017233325
595,0.10002968,0.16046248,0.060996193,-0.024505649,0.016846348
596,0.11018088,0.16115747,0.056683525,-0.02926171,0.01693979
597,0.09843917,0.16864495,0.058801662,-0.020292848,0.01721182
598,0.02844957,0.1342989,0.07216631,-0.006272919,0.015789816
599,0.117475465,0.15526168,0.057586025,-0.03547119,0.016548626
600,0.12148936,0.16324733,0.04980832,-0.034165118,0.01709804
601,0.12751152,0.15813427,0.051600546,-0.0393578,0.01657386
602,0.11448542,0.16997851,0.04910672,-0.026780467,0.017538588
603,0.105051704,0.17512688,0.052755665,-0.019175533,0.017601822
604,0.113965094,0.17745122,0.045127865,-0.02103558,0.017946722
605,0.13701768,0.14761889,0.059988495,-0.045245964,0.015197021
606,0.14180772,0.15454762,0.050022278,-0.043634925,0.015520101
607,0.13231313,0.15306528,0.055034503,-0.042951483,0.015927304
608,0.107089944,0.15311575,0.061873015,-0.030431803,0.016501486
609,0.09827764,0.15196575,0.06444596,-0.026190223,0.01643541
610,0.090124175,0.1559875,0.065483086,-0.021426339,0.016570399
611,0.09097055,0.14558408,0.067545585,-0.023981776,0.016155453
612,0.12378541,0.14992373,0.059974466,-0.040067125,0.016024707
613,0.12961327,0.14607447,0.062280837,-0.043199677,0.015473693
614,0.113483466,0.14670041,0.06370856,-0.035279233,0.016048735
615,0.029010078,0.11649119,0.06718887,-0.006556942,0.015477804
616,0.042901125,0.12550078,0.06972757,-0.009836457,0.015609584
617,0.08061181,0.13842744,0.06964579,-0.020626087,0.015909187
618,0.07899679,0.14992112,0.06897481,-0.018504493,0.016269676
619,0.06774604,0.142543,0.07078108,-0.015806237,0.01601436
620,0.09050544,0.16526766,0.06325723,-0.018466847,0.016907584
621,0.079602264,0.16069975,0.067723215,-0.016151272,0.016602287
622,0.09278507,0.17615189,0.059820175,-0.014197219,0.017348787
623,0.09972278,0.1841345,0.053692207,-0.011299841,0.017789332
624,0.04198045,0.14318201,0.07330953,-0.008872381,0.015953695
625,0.056014486,0.13427413,0.07101248,-0.012991248,0.015779704
626,0.028228065,0.15177737,0.07581199,-0.005335982,0.016095474
627,0.12370019,0.1699542,0.042783756,-0.030839551,0.017616242
628,0.1366559,0.15996143,0.04520642,-0.041043665,0.016430283
629,0.13138792,0.1665029,0.040713865,-0.03621315,0.017253555
630,0.121420205,0.17581417,0.03996212,-0.02536227,0.018068716
631,0.110072054,0.18341376,0.045910094,-0.014672745,0.01812694
632,0.10679958,0.19036672,0.046856172,-0.007828982,0.018207034
633,0.11931042,0.18231723,0.037818942,-0.018576302,0.018398697
634,0.14603476,0.16147265,0.03687509,-0.038147625,0.016081925
635,0.1500078,0.15674868,0.04195798,-0.038945906,0.014866246
636,0.14545234,0.14930826,0.056059178,-0.04489301,0.014614123
637,0.14143704,0.14302431,0.064573295,-0.04605422,0.014451189
638,0.1330357,0.13955875,0.06780547,-0.044586986,0.014845332
639,0.029694343,0.0982586,0.060741913,-0.006169479,0.015197654
640,0.103084266,0.14276849,0.0667575,-0.0301685,0.015996996
641,0.085286945,0.12841734,0.0697525,-0.022752764,0.015577482
642,0.093145736,0.13537268,0.06912452,-0.02593503,0.01577317
643,0.12231562,0.14030622,0.06690635,-0.04028622,0.015458774
644,0.112276554,0.13853717,0.067802824,-0.035183586,0.015628206
645,0.044096693,0.10771199,0.06481633,-0.00977268,0.015293936
646,0.072236866,0.1265337,0.06968883,-0.018148743,0.01558869
647,0.05818942,0.11696871,0.06789839,-0.013747596,0.015408209
648,0.054641888,0.15143548,0.07299376,-0.010986188,0.01616166
649,0.06713361,0.15630917,0.07100018,-0.013428577,0.016368918
650,0.08024141,0.1706123,0.06641017,-0.013015895,0.016915362
651,0.070612125,0.16610081,0.069923304,-0.011940273,0.01664232
652,0.088217184,0.18632945,0.060725942,-0.007413342,0.017430456
653,0.07982001,0.18029475,0.065608464,-0.008821067,0.017097684
654,0.10318235,0.19908358,0.049229667,2.23995E-05,0.01811598
655,0.09513648,0.19352897,0.055679545,-0.003780884,0.017765913
656,0.08573218,0.19303268,0.061648726,-0.003227787,0.017461888
657,0.042293873,0.15999113,0.075521715,-0.007165348,0.01626603
658,0.028329019,0.16909418,0.07830161,-0.003755486,0.016344745
659,0.12995543,0.17423394,0.03362004,-0.029418638,0.01806884
660,0.14161785,0.1669982,0.032140944,-0.03555913,0.01697463
661,0.1496273,0.16781823,0.022547148,-0.027969744,0.016799347
662,0.13872103,0.17323601,0.026409239,-0.0306479,0.017988034
663,0.12802173,0.180509,0.03008555,-0.02283538,0.018590217
664,0.11351939,0.19576919,0.039617594,-0.003509006,0.018617129
665,0.116995536,0.18889281,0.037465855,-0.011251527,0.01860605
666,0.12652664,0.18691379,0.027589336,-0.015356585,0.01895656
667,0.15534528,0.15167859,0.04753306,-0.038364224,0.01376933
668,0.15707281,0.15902573,0.029805625,-0.028346978,0.01468068
669,0.1494607,0.14276905,0.06441385,-0.04530113,0.013621398
670,0.15863079,0.14524448,0.057471942,-0.03929031,0.012817794
671,0.14221877,0.13586661,0.0718022,-0.045963097,0.013980455
672,0.12589134,0.1334706,0.07113787,-0.041264605,0.014928008
673,0.13279045,0.13053837,0.07403088,-0.043215137,0.014383977
674,0.029649535,0.039635252,0.029892175,-0.001729258,0.01478993
675,0.03127077,0.05951125,0.042228546,-0.003586598,0.014841891
676,0.030204078,0.07935217,0.05253477,-0.005116531,0.014978207
677,0.045218486,0.08945994,0.058323514,-0.008662101,0.015029881
678,0.09436656,0.12437668,0.07028246,-0.026205974,0.015347109
679,0.08441482,0.11775529,0.06942879,-0.021989914,0.015276562
680,0.10518957,0.130423,0.07014987,-0.03144668,0.015412161
681,0.117104806,0.1313415,0.071053274,-0.037185553,0.015163635
682,0.059589993,0.09961076,0.06340617,-0.012877776,0.015087273
683,0.074488975,0.108292505,0.067237705,-0.01784872,0.015149096
684,0.1575154,0.1388002,0.06847117,-0.04222059,0.012596559
685,0.043749925,0.03154359,0.025446765,-0.001827915,0.014752291
686,0.10998766,0.20499657,0.04334835,0.00569446,0.018397272
687,0.10102906,0.20563577,0.05130562,0.005379143,0.018007925
688,0.09493879,0.20201899,0.0556604,0.002286465,0.017819786
689,0.057723608,0.16738544,0.07327539,-0.008715325,0.016508423
690,0.06828495,0.17544109,0.07038356,-0.008539727,0.016796375
691,0.07854251,0.18884018,0.06559451,-0.004680735,0.017235285
692,0.0706956,0.18434156,0.06912344,-0.005699414,0.01697327
693,0.08736248,0.19973682,0.060645726,0.000699324,0.017516252
694,0.078379564,0.19692422,0.06550318,-0.000814132,0.017275117
695,0.042860206,0.17707233,0.07684352,-0.004426021,0.01650478
696,0.028364016,0.18658495,0.079823464,-0.001581205,0.016497191
697,0.118217155,0.20136529,0.034388877,0.002431524,0.018845517
698,0.13653061,0.17951041,0.021805227,-0.024501052,0.018639456
699,0.14416711,0.1785764,0.014248355,-0.021430712,0.018710095
700,0.13453746,0.1856036,0.018785693,-0.017692104,0.01929248
701,0.12392784,0.194891,0.027983554,-0.00550867,0.01911389
702,0.13201094,0.19076227,0.019195108,-0.011168732,0.019435843
703,0.112314075,0.21210922,0.04273104,0.012926337,0.018307809
704,0.11846062,0.20790358,0.03512017,0.009795921,0.01873671
705,0.16408353,0.1435107,0.057953957,-0.035083063,0.011863418
706,0.16451588,0.15130116,0.03940996,-0.027386962,0.012550024
707,0.14926608,0.13340515,0.074897565,-0.04531206,0.013228067
708,0.14160664,0.12751527,0.07790052,-0.044297397,0.013674431
709,0.124293946,0.12565733,0.07436443,-0.039220106,0.014630015
710,0.13284664,0.12197085,0.07808853,-0.040978756,0.014066221
711,0.04796731,0.04825861,0.037422113,-0.004077925,0.014741804
712,0.04906001,0.06960772,0.049705196,-0.007071296,0.014827187
713,0.061246153,0.08340211,0.057753872,-0.011203055,0.014855506
714,0.10283787,0.12003184,0.07160042,-0.029182881,0.015082505
715,0.09532439,0.114259906,0.070617236,-0.02542885,0.015040956
716,0.08763512,0.108569086,0.06898182,-0.021903865,0.015028679
717,0.113448,0.12059412,0.07338317,-0.03385066,0.014839738
718,0.07445331,0.09202703,0.06303118,-0.015580572,0.014862525
719,0.08559034,0.0980776,0.06660436,-0.01949047,0.014841804
720,0.1629997,0.13543113,0.07248488,-0.039054945,0.011704193
721,0.16988556,0.14069349,0.060221396,-0.030371657,0.010713759
722,0.1559896,0.13054578,0.078436114,-0.043081306,0.01240916
723,0.058415066,0.034216974,0.029225744,-0.002870757,0.014660539
724,0.060076807,0.046538737,0.0380983,-0.004975005,0.014653225
725,0.10323229,0.21308617,0.051010463,0.011759002,0.017907675
726,0.09539604,0.20907025,0.05599889,0.007214855,0.017758336
727,0.08798104,0.20803809,0.06067472,0.005780892,0.017495323
728,0.05847323,0.18480921,0.07332123,-0.004199102,0.01676843
729,0.06830795,0.19264655,0.07001951,-0.002248119,0.017033331
730,0.07873715,0.20580877,0.0655844,0.003655888,0.017259099
731,0.07159512,0.2014803,0.06866943,0.001321276,0.017085267
732,0.042953257,0.19441095,0.077582106,-0.000816823,0.016622586
733,0.028287664,0.20401253,0.08043532,0.000868155,0.016518064
734,0.11092889,0.21941246,0.046974774,0.019064853,0.017998416
735,0.1189675,0.21510373,0.03742556,0.017694931,0.018459337
736,0.12586369,0.20274656,0.025219852,0.00439941,0.019296179
737,0.14017332,0.19079182,0.008856833,-0.01033174,0.0199307
738,0.1342572,0.19739671,0.014206637,-0.002685868,0.019784434
739,0.12658004,0.20927213,0.026089506,0.012630988,0.019095097
740,0.17599717,0.14532991,0.042416062,-0.019255262,0.010265289
741,0.17599243,0.13769197,0.06308103,-0.02588604,0.010013576
742,0.16885324,0.13223393,0.07593385,-0.03490212,0.010803204
743,0.14888084,0.12491891,0.08154464,-0.043591022,0.012981707
744,0.14137852,0.11895472,0.082077935,-0.0416118,0.013429213
745,0.12368243,0.11602858,0.07690861,-0.036405798,0.014358634
746,0.1334493,0.113170594,0.08083178,-0.03808529,0.013812753
747,0.061550856,0.057544462,0.044966787,-0.006929123,0.01465568
748,0.06594389,0.06970335,0.05231883,-0.00975796,0.014711435
749,0.07713817,0.077480234,0.05824383,-0.013341163,0.014661835
750,0.10580978,0.11073172,0.0725317,-0.028630644,0.014777987
751,0.09799241,0.1041565,0.07027455,-0.024507234,0.014748508
752,0.11548854,0.11056188,0.07508368,-0.032023255,0.014471271
753,0.08874883,0.08547203,0.06384967,-0.017566407,0.01460181
754,0.097426705,0.093884945,0.06831824,-0.021759242,0.014577873
755,0.16182272,0.12740542,0.08215214,-0.040001158,0.011726357
756,0.15553328,0.12321345,0.08437785,-0.041792493,0.012296001
757,0.07162341,0.044976313,0.03913601,-0.0055715,0.014555324
758,0.07811642,0.029733967,0.028872032,-0.003088007,0.014511818
759,0.101603515,0.22308561,0.055275403,0.018386314,0.017558625
760,0.09215051,0.21724294,0.05958921,0.011981213,0.017459711
761,0.079756744,0.21466845,0.065774485,0.008025802,0.017189499
762,0.05853539,0.20236202,0.073546655,0.001317151,0.01683581
763,0.0687414,0.21057533,0.07029997,0.004850458,0.016994392
764,0.042562842,0.21211046,0.07794093,0.003065338,0.016570041
765,0.028038504,0.22161803,0.080134384,0.003209144,0.016401118
766,0.11934842,0.2221083,0.041238777,0.024586191,0.018060407
767,0.11075683,0.22706836,0.050970677,0.024808468,0.017586915
768,0.12713845,0.21691224,0.02967777,0.021647388,0.018677369
769,0.12861116,0.22479531,0.034875754,0.030183883,0.018055135
770,0.13405742,0.20487668,0.014913011,0.007071493,0.019753817
771,0.14075309,0.20134982,0.006326695,0.002243149,0.020230953
772,0.13461119,0.21114755,0.017020445,0.015212486,0.019387493
773,0.18779175,0.14157698,0.04302503,-0.010742071,0.008320872
774,0.18234062,0.1350948,0.06528807,-0.020493025,0.008984558
775,0.16770369,0.12473831,0.08507574,-0.036178138,0.010983361
776,0.17572708,0.12762564,0.08148172,-0.029876249,0.01000833
777,0.1503243,0.11521703,0.08691477,-0.04029257,0.012707377
778,0.14116342,0.11093564,0.084248945,-0.038425792,0.013286083
779,0.12443459,0.10503772,0.0781799,-0.032798324,0.01405368
780,0.13584138,0.10310732,0.0827622,-0.034460448,0.013487545
781,0.078625135,0.059726328,0.04978458,-0.009551192,0.014521324
782,0.0921991,0.072637506,0.05974437,-0.014931674,0.01442404
783,0.11112322,0.09801597,0.07311263,-0.026854329,0.01433988
784,0.10346978,0.08370072,0.06734029,-0.020392248,0.01433624
785,0.16103297,0.11824026,0.08907161,-0.038683224,0.011711796
786,0.15643735,0.109727025,0.09087077,-0.037050232,0.012208381
787,0.08867907,0.04389222,0.042157795,-0.006746234,0.014363347
788,0.09739843,0.028984858,0.03211326,-0.003697499,0.014281514
789,0.10173825,0.23258343,0.058885355,0.0238607,0.01712953
790,0.071061105,0.2206876,0.06996819,0.009007202,0.016866269
791,0.0908143,0.22912025,0.063072406,0.017855627,0.017061597
792,0.08065217,0.22549456,0.066746905,0.013246637,0.016948909
793,0.057692956,0.22069879,0.07431631,0.006808484,0.016657878
794,0.041700065,0.22997567,0.077740416,0.006389033,0.016360084
795,0.027769083,0.2393275,0.07881726,0.005084116,0.016161937
796,0.119688325,0.22935708,0.04616882,0.030636182,0.01755675
797,0.12666562,0.23228137,0.043833427,0.03554727,0.017349498
798,0.11123369,0.23586321,0.05579605,0.030281322,0.017034208
799,0.13348398,0.23052411,0.03671171,0.036018193,0.017519165
800,0.13579193,0.21810657,0.020782907,0.023377694,0.018918302
801,0.13816625,0.22427194,0.024797501,0.02982281,0.01812531
802,0.14164299,0.21300815,0.009890681,0.014937509,0.019462395
803,0.1899688,0.13472208,0.061875436,-0.013232284,0.008292117
804,0.18464296,0.12691413,0.080129325,-0.021642294,0.009113954
805,0.17111783,0.118197076,0.09121268,-0.033439785,0.010739636
806,0.17943889,0.118509255,0.09137211,-0.027583135,0.009945112
807,0.1469623,0.10422296,0.08771875,-0.035800446,0.012859292
808,0.1266478,0.09335622,0.078008704,-0.028800681,0.013809379
809,0.13987903,0.093179144,0.08377062,-0.030517416,0.013245284
810,0.098872036,0.057383686,0.053812385,-0.011497806,0.014250792
811,0.10907231,0.069800824,0.063704975,-0.01686045,0.014100244
812,0.11790492,0.082450144,0.071913905,-0.022829946,0.013963169
813,0.16439234,0.10923932,0.09395507,-0.034605384,0.011536736
814,0.15831457,0.10102935,0.092767105,-0.033148766,0.012129234
815,0.1072363,0.042738486,0.046360567,-0.007803729,0.014092505
816,0.115912534,0.028286485,0.03587295,-0.004136641,0.013975033
817,0.09441175,0.23812564,0.06409405,0.02301404,0.016755011
818,0.102094375,0.2420431,0.06279498,0.028105175,0.016606161
819,0.06846225,0.23200089,0.07171776,0.012171754,0.016598364
820,0.08224217,0.23924352,0.06852106,0.018614613,0.016583897
821,0.05488034,0.23853156,0.075126186,0.01045954,0.016293721
822,0.041400466,0.24762057,0.0765978,0.008735109,0.016039543
823,0.02788145,0.2568918,0.07640712,0.006358983,0.01584148
824,0.13010463,0.23745823,0.047060467,0.040097248,0.01669901
825,0.13666351,0.23494263,0.039736792,0.039602492,0.016764678
826,0.12144002,0.23927212,0.05326493,0.03731366,0.016767338
827,0.11170918,0.24488196,0.06107369,0.034194726,0.016473046
828,0.14113575,0.22960909,0.028523624,0.034189966,0.017463818
829,0.14379452,0.23498486,0.034316294,0.03801106,0.016369669
830,0.14540066,0.22406988,0.016414857,0.0245011,0.017914744
831,0.2001391,0.14084242,0.038077082,-0.002128713,0.006950248
832,0.18766329,0.11858343,0.09060136,-0.020757308,0.009160309
833,0.19677664,0.13446765,0.058902025,-0.007134814,0.007493835
834,0.19271936,0.12694964,0.07738394,-0.014134456,0.008307712
835,0.17450087,0.10964408,0.09653227,-0.02994435,0.01069835
836,0.18298136,0.1100912,0.09758828,-0.024671808,0.009970223
837,0.15162976,0.09220535,0.08911804,-0.030002682,0.012638761
838,0.13344795,0.081767835,0.0780468,-0.024811879,0.013486192
839,0.14474498,0.084415205,0.08400079,-0.0265842,0.013004593
840,0.117169,0.056000594,0.059005532,-0.012891156,0.013888272
841,0.12726368,0.06870148,0.07004064,-0.018657058,0.01364273
842,0.16840494,0.10029787,0.0968077,-0.030051498,0.011433667
843,0.16206075,0.090483606,0.09349419,-0.027868021,0.012049697
844,0.12538673,0.041883085,0.051415477,-0.008476128,0.013720079
845,0.13397947,0.02781826,0.040173583,-0.004297538,0.013571875
846,0.09224227,0.24766184,0.067576356,0.025005892,0.016343512
847,0.103121154,0.25088945,0.06632839,0.03104269,0.016197793
848,0.06826964,0.24777867,0.072695345,0.015884478,0.016183086
849,0.08084277,0.2545228,0.07114633,0.021479076,0.016015287
850,0.05500522,0.25602978,0.07442307,0.01307309,0.015894916
851,0.041967545,0.2651014,0.07433191,0.010217845,0.015670186
852,0.028238809,0.2747095,0.07273311,0.006983038,0.015488069
853,0.11162507,0.2531071,0.06583267,0.03595605,0.015974397
854,0.12851484,0.24391252,0.054668136,0.042456936,0.016185371
855,0.13765702,0.24182095,0.048410583,0.044035256,0.015880343
856,0.121291794,0.25020924,0.062324032,0.04083709,0.015919121
857,0.14697212,0.24076608,0.041110814,0.040871374,0.015460618
858,0.15094922,0.23427376,0.02545898,0.02992753,0.015871992
859,0.190896,0.11038473,0.09755746,-0.018886428,0.009349463
860,0.20378833,0.1349307,0.05479917,-0.001815099,0.007015124
861,0.19630893,0.11892897,0.08855086,-0.013325194,0.008468853
862,0.19995846,0.12688227,0.07476211,-0.007718838,0.007711543
863,0.21216664,0.14272045,0.030289117,0.00389393,0.006037223
864,0.2104883,0.13583446,0.05031506,0.002808956,0.00647877
865,0.17828809,0.10086898,0.09973997,-0.025877658,0.010694511
866,0.18720512,0.102493644,0.10106653,-0.021081386,0.010020505
867,0.19461505,0.104489714,0.10067614,-0.016279941,0.009407403
868,0.1549745,0.080200985,0.08733348,-0.024187211,0.012566043
869,0.14412118,0.07089811,0.0784236,-0.020486219,0.013080146
870,0.13512675,0.055578258,0.06550094,-0.013859322,0.013431375
871,0.17301068,0.090376884,0.097825326,-0.024864446,0.011375953
872,0.16614933,0.08009222,0.09216539,-0.022669356,0.011996565
873,0.19420856,0.09696338,0.10291503,-0.016264992,0.009846206
874,0.1435233,0.0411897,0.05706238,-0.008523591,0.013240328
875,0.15163559,0.02768075,0.04482766,-0.00420793,0.013079497
876,0.106334925,0.25957626,0.069364354,0.033793285,0.015689768
877,0.09466654,0.25974175,0.07038501,0.028097969,0.015826365
878,0.068970084,0.26412863,0.07284488,0.018130569,0.015712073
879,0.081301905,0.26748234,0.07228434,0.022823328,0.015576059
880,0.056261882,0.27318093,0.07264332,0.014459177,0.015474584
881,0.028737256,0.29286307,0.0676503,0.006929249,0.015146375
882,0.042600643,0.28306836,0.07073851,0.010637222,0.015291682
883,0.11627706,0.25968927,0.069069184,0.03912662,0.015454458
884,0.13208075,0.25080207,0.060952447,0.045676455,0.015402989
885,0.14211188,0.25027838,0.05824224,0.047340773,0.014774632
886,0.1515291,0.24619205,0.047569297,0.041540947,0.014153077
887,0.12556396,0.25875133,0.068315916,0.043706313,0.015162804
888,0.1585761,0.24331272,0.03438764,0.030198094,0.013498097
889,0.22131577,0.14607437,0.02278815,0.006694636,0.005682396
890,0.20127402,0.102099866,0.1015675,-0.011826521,0.009096993
891,0.19949163,0.11050869,0.096572794,-0.012244684,0.008687491
892,0.20781457,0.12774403,0.07032531,-0.001404858,0.007164615
893,0.20393412,0.11850303,0.087121524,-0.007214902,0.007968049
894,0.21848686,0.13930836,0.04054061,0.007128794,0.006127832
895,0.2158113,0.1288456,0.06561908,0.004204955,0.006795201
896,0.22605349,0.14031011,0.03865463,0.010092824,0.005952017
897,0.18465686,0.09105782,0.101533115,-0.02037447,0.010660076
898,0.16022298,0.068176985,0.08388525,-0.018485598,0.01245911
899,0.15307125,0.05497888,0.07232524,-0.013535922,0.012852206
900,0.17850408,0.079460785,0.09666435,-0.019239666,0.011373297
901,0.17179683,0.07110733,0.09019144,-0.017878633,0.011881395
902,0.20090945,0.09450797,0.10362578,-0.012050137,0.009553965
903,0.19559985,0.087919876,0.10320701,-0.014361654,0.010170899
904,0.20851162,0.097484455,0.1029266,-0.007441154,0.00900172
905,0.16120492,0.041589763,0.06356443,-0.00816277,0.012671544
906,0.16923715,0.027583754,0.049256913,-0.00368284,0.012499347
907,0.101961195,0.26721108,0.071961455,0.0318328,0.015415198
908,0.110709645,0.2682843,0.07267718,0.036047257,0.015153102
909,0.09389844,0.27194405,0.07269009,0.028059626,0.01535634
910,0.029601997,0.31112304,0.061149046,0.006324195,0.014858169
911,0.08599215,0.27841675,0.07263433,0.024434092,0.015205583
912,0.07196494,0.2800947,0.07194326,0.019415565,0.015259896
913,0.057156637,0.2906691,0.06944886,0.014332791,0.015085679
914,0.043241717,0.3018861,0.06542309,0.009994726,0.014943006
915,0.120119,0.26828432,0.07363237,0.040609907,0.014865855
916,0.14905562,0.25488177,0.062842585,0.046735775,0.013687155
917,0.15662794,0.25041655,0.05201743,0.04006322,0.013234298
918,0.1350554,0.25842354,0.06813554,0.047274686,0.014661405
919,0.14243323,0.25906217,0.068706274,0.048223693,0.014038124
920,0.12930334,0.26771256,0.07461876,0.04452397,0.014478583
921,0.2322086,0.14326155,0.03322045,0.011756972,0.005804339
922,0.23211397,0.15030247,0.018612998,0.008719374,0.005594817
923,0.20992175,0.10864583,0.09656132,-0.005131417,0.008296723
924,0.21299437,0.119992,0.082446285,-0.000213887,0.007490793
925,0.21988444,0.12275096,0.07593467,0.00507608,0.007124995
926,0.2246589,0.13008152,0.06135952,0.009276709,0.006533539
927,0.23263152,0.134276,0.052109946,0.012921869,0.006338205
928,0.18926333,0.07835891,0.09950352,-0.015202471,0.010856259
929,0.17094141,0.05703656,0.08088232,-0.012739458,0.012159394
930,0.18223834,0.06658719,0.09137476,-0.013880705,0.011505587
931,0.20549324,0.08810544,0.10421064,-0.009221812,0.00963361
932,0.19921197,0.07847993,0.10164099,-0.011224848,0.010354647
933,0.21722026,0.10264658,0.09956818,-0.001578927,0.008428046
934,0.21592113,0.090031266,0.104200944,-0.003794197,0.009166672
935,0.17849974,0.041393064,0.068800636,-0.006705735,0.012051906
936,0.18668811,0.02760693,0.05306424,-0.002781916,0.011862665
937,0.030421242,0.32883558,0.05352837,0.005206391,0.014649175
938,0.103853464,0.27648458,0.07408217,0.03207208,0.015013955
939,0.11462044,0.27808708,0.07607722,0.036540024,0.014648759
940,0.09490631,0.28400975,0.07353677,0.027416162,0.014903941
941,0.045520324,0.3204175,0.05866711,0.008872094,0.014673145
942,0.042482976,0.3346785,0.051823772,0.006758249,0.0145438
943,0.05279073,0.33255503,0.054155204,0.008698578,0.014501925
944,0.083543785,0.29073036,0.07170437,0.02244493,0.014895964
945,0.070594296,0.29770234,0.069038786,0.017604003,0.014856264
946,0.058276333,0.30808216,0.064728715,0.013115513,0.014755406
947,0.12480793,0.27621207,0.077762045,0.041091625,0.01433547
948,0.14706884,0.26359648,0.07371004,0.047941543,0.01326646
949,0.16775754,0.25023034,0.040238757,0.025352614,0.011274652
950,0.16160962,0.25404808,0.05606256,0.03725427,0.011956167
951,0.15451247,0.25860077,0.06706284,0.04515584,0.012693159
952,0.13886702,0.26752472,0.07617462,0.047203608,0.013858149
953,0.13262749,0.2747195,0.07912976,0.044063214,0.013968646
954,0.14573827,0.27071995,0.07990103,0.04693001,0.013115108
955,0.23761216,0.14654757,0.028353252,0.01241367,0.005837413
956,0.23875162,0.13819458,0.04467792,0.014657289,0.006206663
957,0.22060065,0.11347463,0.08905089,0.003054253,0.007623809
958,0.22628613,0.12084089,0.077396765,0.008067292,0.007051549
959,0.2334586,0.12423867,0.070483714,0.012046441,0.006838776
960,0.22577505,0.105737865,0.09528963,0.004030137,0.00796475
961,0.23958243,0.12910709,0.061354227,0.014957372,0.006627644
962,0.24524726,0.133349,0.053859644,0.016632926,0.0065098
963,0.19466555,0.06772152,0.09553636,-0.010707972,0.010916215
964,0.18752852,0.054018773,0.083620094,-0.009006554,0.011508634
965,0.21020095,0.0791705,0.10302589,-0.006500158,0.009843376
966,0.20486349,0.071739644,0.09957915,-0.007959616,0.010353158
967,0.22520664,0.09648254,0.1011568,0.001851356,0.008479781
968,0.22497453,0.08730829,0.103425674,0.000515908,0.008967659
969,0.21984072,0.079021044,0.10312953,-0.002324041,0.009480173
970,0.1958269,0.041597348,0.07323098,-0.004634115,0.011368416
971,0.20402984,0.027667899,0.05575737,-0.001572826,0.011201664
972,0.033722743,0.347175,0.044330724,0.004160737,0.014505938
973,0.031608634,0.36441803,0.033840753,0.002331049,0.014450677
974,0.049423113,0.34394342,0.048020538,0.00650992,0.014456577
975,0.10702477,0.28937122,0.075839825,0.031103663,0.014522104
976,0.12016481,0.28747562,0.079221435,0.036308546,0.01416689
977,0.09545991,0.29650384,0.07308065,0.025438778,0.014580469
978,0.061203167,0.32404128,0.059208367,0.011570169,0.01453299
979,0.06189518,0.3380221,0.053040795,0.00922683,0.014387246
980,0.08463341,0.30588248,0.069386974,0.020327788,0.014565837
981,0.073145546,0.31487668,0.06473301,0.015671948,0.014541619
982,0.13055854,0.2838841,0.08184117,0.040661126,0.013789093
983,0.15246592,0.26773226,0.07846368,0.0463625,0.012514186
984,0.1667629,0.25820634,0.061155166,0.03449759,0.011123722
985,0.15970516,0.26312438,0.072592564,0.04273412,0.011757629
986,0.17850529,0.25560153,0.04332114,0.01780917,0.009148251
987,0.17312698,0.26130542,0.0638704,0.029273093,0.009975018
988,0.13984258,0.2784389,0.08314841,0.044536598,0.013326996
989,0.14986318,0.2764823,0.085089765,0.045193028,0.012569234
990,0.24120447,0.15704073,0.012588025,0.008455518,0.005662904
991,0.24268575,0.15021086,0.023765638,0.012495515,0.005806337
992,0.2442129,0.1417124,0.039051548,0.015487644,0.006181412
993,0.23204966,0.113711186,0.085926086,0.00917229,0.007424551
994,0.23969369,0.11946078,0.07662331,0.013660197,0.007118375
995,0.23386805,0.10241759,0.09615918,0.007343686,0.007970884
996,0.24613695,0.12487304,0.067554966,0.016463675,0.006867852
997,0.25159118,0.12918834,0.06060131,0.018035322,0.006763998
998,0.2509098,0.1367083,0.04856867,0.017640045,0.006489531
999,0.20487931,0.057571154,0.09056749,-0.005778508,0.010731984
1000,0.21485525,0.06826079,0.09887124,-0.004051884,0.010075786
1001,0.2349326,0.090551026,0.10169883,0.005447283,0.008537054
1002,0.23051314,0.078694806,0.10249262,0.002016109,0.009165837
1003,0.22449723,0.07024799,0.09998728,-0.000667726,0.009658809
1004,0.21331623,0.042318616,0.076644145,-0.002031625,0.010704533
1005,0.22139873,0.028035318,0.057524905,-0.000214363,0.010548016
1006,0.039415594,0.37905037,0.024568208,0.001538713,0.014432283
1007,0.04970032,0.3608549,0.03810506,0.004239961,0.014369944
1008,0.060164597,0.34996393,0.04625515,0.006982886,0.014341269
1009,0.17942138,0.26329294,0.0642108,0.023677593,0.009268743
1010,0.12812671,0.2962915,0.082695305,0.035569087,0.013641012
1011,0.104499474,0.30175793,0.07471783,0.027054535,0.014283338
1012,0.11585049,0.30100778,0.07822895,0.03068338,0.013995243
1013,0.070175074,0.34632233,0.050227538,0.008983359,0.014277983
1014,0.096052326,0.3092352,0.071200475,0.022707382,0.014314111
1015,0.07682589,0.33339056,0.058192603,0.012736152,0.014305218
1016,0.087340206,0.32016113,0.06588251,0.017892297,0.014306936
1017,0.13778171,0.29016697,0.08587167,0.039847802,0.013238386
1018,0.15775658,0.2726585,0.083882615,0.043867595,0.011805756
1019,0.16626762,0.26853907,0.07939937,0.038902946,0.010878865
1020,0.17396738,0.27005553,0.07976431,0.032274902,0.009922009
1021,0.14657168,0.28567997,0.08827269,0.042299144,0.012691704
1022,0.15499273,0.28204387,0.08978539,0.042570356,0.01200711
1023,0.24917616,0.16576886,0.007489502,0.006859573,0.005837665
1024,0.24805802,0.15373999,0.020651938,0.012475834,0.005935809
1025,0.25001517,0.14520667,0.034481876,0.01591881,0.006207234
1026,0.25295138,0.15871972,0.016333805,0.011529066,0.005973494
1027,0.2471424,0.117771365,0.077429414,0.015648626,0.00716786
1028,0.24292167,0.10932325,0.088121146,0.012589023,0.007574187
1029,0.24232276,0.09869963,0.096584216,0.009944592,0.008034525
1030,0.25332275,0.12069098,0.07271262,0.017735224,0.007088
1031,0.2558726,0.13304053,0.054706473,0.018793019,0.006710754
1032,0.2580413,0.12649056,0.06431745,0.019197606,0.006946778
1033,0.25707623,0.13962068,0.044753525,0.01834919,0.00653672
1034,0.22308053,0.057393465,0.09220187,-0.000995946,0.010088
1035,0.24728891,0.09005958,0.09937046,0.009798398,0.008361721
1036,0.24131122,0.078516684,0.101105444,0.005810686,0.008887831
1037,0.23425306,0.06663755,0.097893424,0.002307281,0.0094486
1038,0.23058952,0.0419825,0.07693453,0.000707771,0.010102806
1039,0.23885526,0.027930396,0.057079747,0.001057687,0.009940417
1040,0.059431124,0.37807015,0.027519597,0.002483393,0.014322964
1041,0.06989443,0.36110467,0.04123512,0.00596153,0.014245173
1042,0.19076115,0.25950578,0.04479684,0.00938191,0.007459193
1043,0.18545155,0.2653807,0.065479115,0.018476147,0.008388053
1044,0.18035989,0.27192843,0.080908574,0.026779512,0.009132213
1045,0.13736272,0.29915312,0.08650453,0.036038145,0.013151139
1046,0.124731995,0.30626002,0.0808498,0.030968748,0.013632384
1047,0.13298374,0.3062295,0.084253505,0.032393653,0.013267826
1048,0.108109884,0.31267157,0.07383516,0.02483026,0.014035153
1049,0.118562534,0.31328025,0.07731689,0.027007446,0.013729483
1050,0.08209528,0.3491304,0.051304232,0.009816311,0.01414476
1051,0.100411765,0.32368794,0.0681896,0.019711122,0.014054855
1052,0.09149088,0.33534354,0.06090332,0.014754947,0.014104675
1053,0.14438397,0.2967144,0.08950677,0.037671797,0.012754398
1054,0.16291265,0.27819285,0.08936115,0.040660635,0.011238172
1055,0.16964166,0.2762306,0.08804558,0.036650665,0.010534003
1056,0.17546363,0.27853653,0.090396814,0.032342624,0.009855087
1057,0.15296222,0.29256612,0.09264783,0.03906624,0.012179835
1058,0.16107608,0.28902882,0.09474886,0.038604654,0.01153228
1059,0.20119473,0.2592068,0.037385657,0.00162716,0.006376213
1060,0.25624308,0.16471983,0.011659675,0.009702983,0.006068294
1061,0.25488237,0.1759507,0.003734579,0.00456652,0.006034507
1062,0.25851458,0.1872985,0.001556136,0.002365209,0.006196251
1063,0.25940976,0.17000113,0.008798531,0.008245248,0.006130369
1064,0.25716147,0.14927904,0.030360306,0.016113266,0.006327289
1065,0.2611544,0.15677379,0.022039644,0.014136875,0.006333501
1066,0.25282884,0.11204411,0.08321227,0.016275376,0.007448906
1067,0.25260255,0.1011467,0.092858076,0.013910844,0.007853784
1068,0.2584192,0.091156974,0.096598044,0.013313462,0.008182441
1069,0.2601739,0.117802344,0.07551887,0.01889154,0.00726451
1070,0.26173723,0.13320607,0.05478238,0.019737191,0.006809406
1071,0.26554736,0.1250202,0.06605498,0.020370048,0.00709878
1072,0.2642222,0.14180262,0.04282556,0.018990148,0.006677794
1073,0.23904204,0.055100214,0.08984686,0.00271498,0.009607891
1074,0.25414523,0.080286406,0.0990205,0.009823257,0.008610098
1075,0.24847755,0.06729646,0.09660143,0.006213135,0.009071179
1076,0.26443693,0.083850116,0.09670342,0.0130348,0.008360087
1077,0.24774256,0.04168509,0.07555998,0.002924272,0.009566824
1078,0.25631505,0.027987197,0.055626582,0.002059767,0.009400912
1079,0.078837775,0.3787399,0.03005901,0.003188212,0.014170783
1080,0.08885684,0.364651,0.04293798,0.006734367,0.014043552
1081,0.1973306,0.26567954,0.05944091,0.007514379,0.007185755
1082,0.19063357,0.2679314,0.068389386,0.014645978,0.007890581
1083,0.18666725,0.27343816,0.08124131,0.021038456,0.008450926
1084,0.18192157,0.2805683,0.09200781,0.027064838,0.009310312
1085,0.14163996,0.305426,0.08811486,0.033662453,0.012876107
1086,0.12831238,0.31500515,0.08072726,0.028046327,0.013425564
1087,0.13772869,0.31524122,0.08469783,0.029029937,0.013041069
1088,0.11388608,0.3258228,0.0718475,0.021589078,0.013756382
1089,0.12345577,0.3231375,0.07638362,0.024047466,0.013509617
1090,0.09884055,0.35063583,0.054870218,0.011379208,0.013920917
1091,0.10779518,0.33746463,0.064811625,0.016600262,0.013813215
1092,0.15103154,0.30315933,0.09254359,0.034674395,0.012362403
1093,0.16951507,0.28541905,0.095369495,0.035880823,0.010711255
1094,0.17686617,0.28602847,0.09662576,0.031029664,0.010029311
1095,0.15961176,0.2983534,0.096145116,0.03552078,0.011748234
1096,0.16615842,0.29451033,0.097952425,0.0349544,0.01118041
1097,0.2050025,0.26590037,0.056404147,0.001722318,0.006743851
1098,0.20282686,0.2743025,0.076294184,0.006797478,0.007313644
1099,0.2653254,0.1891848,0.002794468,0.003072756,0.006359738
1100,0.26448232,0.16322196,0.016552852,0.01217407,0.006372849
1101,0.26230845,0.17586534,0.006417245,0.006672407,0.006251538
1102,0.2647325,0.18248643,0.004395276,0.004909535,0.006311149
1103,0.26768,0.1689692,0.012914903,0.010421504,0.006427669
1104,0.26663926,0.14909792,0.033466734,0.017493783,0.00660303
1105,0.26947573,0.15562744,0.026396016,0.015765248,0.006588376
1106,0.26170355,0.108178206,0.08524045,0.017659571,0.007575875
1107,0.2630026,0.09908033,0.091780685,0.01611925,0.007894803
1108,0.26937866,0.09206105,0.09387743,0.015866805,0.008090727
1109,0.26910225,0.11533585,0.07719984,0.020078948,0.007406604
1110,0.26964125,0.13329433,0.055247404,0.020669736,0.006978538
1111,0.27457818,0.12400842,0.06705526,0.021354234,0.007257117
1112,0.27239853,0.14121991,0.0451089,0.019895017,0.006891585
1113,0.25657243,0.055370376,0.08796666,0.005915727,0.009141883
1114,0.26494214,0.07083721,0.095165394,0.010317679,0.0086927
1115,0.2745279,0.081304505,0.09458994,0.014189547,0.008300249
1116,0.26530418,0.04197907,0.07343339,0.004716754,0.009093691
1117,0.27395344,0.028317023,0.05357827,0.002801195,0.008933658
1118,0.09761092,0.3800714,0.032562662,0.003649831,0.013963885
1119,0.1069308,0.36559358,0.04700972,0.007709182,0.013788544
1120,0.18283808,0.2897234,0.09939367,0.026674578,0.009636831
1121,0.19477017,0.2760555,0.08287054,0.014535361,0.007997474
1122,0.18884806,0.2829343,0.09353597,0.021513287,0.008802206
1123,0.14849502,0.31523508,0.08959111,0.029333973,0.012574152
1124,0.13254033,0.32562682,0.07919593,0.024048721,0.013219664
1125,0.1424007,0.32392475,0.0840791,0.025403028,0.012854248
1126,0.12397754,0.33595246,0.071381785,0.019155255,0.013446298
1127,0.11584184,0.35123053,0.059875924,0.012846545,0.013623665
1128,0.15851817,0.309453,0.09517243,0.03106505,0.011980513
1129,0.157495,0.31893784,0.09248967,0.027032122,0.012153311
1130,0.17448686,0.29540575,0.10065666,0.030994784,0.010521257
1131,0.16727911,0.3039457,0.099256285,0.03130602,0.011296067
1132,0.21311079,0.2582146,0.032528482,-0.004228272,0.005751837
1133,0.2116625,0.26535237,0.052842185,-0.002706578,0.006292681
1134,0.2097238,0.27356252,0.07224654,0.001316844,0.00688262
1135,0.20123191,0.28176212,0.08898126,0.010843216,0.00792317
1136,0.20762505,0.2816789,0.08696491,0.005760862,0.007498944
1137,0.22404115,0.25436166,0.024278848,-0.007439266,0.005414977
1138,0.2661184,0.19518656,0.002140985,0.001663039,0.006384081
1139,0.25968787,0.19894437,0.000746431,0.000528141,0.006255078
1140,0.2587347,0.2107933,0.001103378,-0.001261629,0.00619763
1141,0.2504648,0.23216535,0.005834155,-0.005555933,0.005812823
1142,0.25577575,0.22171587,0.002668261,-0.003266772,0.006043768
1143,0.2734439,0.19089496,0.004825957,0.003502544,0.006587581
1144,0.27298862,0.18369742,0.00670047,0.005817327,0.006576427
1145,0.27244338,0.16175142,0.02103981,0.013943486,0.006642272
1146,0.27221775,0.17541511,0.010312988,0.008701724,0.006558402
1147,0.27507457,0.1676458,0.016866587,0.012035819,0.006657337
1148,0.27509958,0.14841881,0.036628835,0.018504094,0.006840815
1149,0.27671963,0.15547164,0.028990673,0.016565055,0.006801309
1150,0.27251118,0.10365991,0.08703211,0.01880629,0.007728476
1151,0.28467125,0.08252934,0.09215278,0.015644155,0.00817052
1152,0.27950355,0.09295374,0.091304146,0.0175186,0.007990509
1153,0.27976432,0.11401788,0.0772736,0.021140533,0.007523157
1154,0.27864456,0.13278793,0.056593228,0.021402957,0.007149716
1155,0.28485882,0.12354193,0.0673865,0.022021856,0.007387749
1156,0.28169093,0.14117818,0.046783354,0.020487446,0.007073049
1157,0.27406678,0.05583606,0.08485438,0.008336067,0.008772493
1158,0.27996647,0.0701188,0.09138982,0.01211133,0.008493887
1159,0.29087442,0.07432465,0.08977897,0.014132508,0.008291344
1160,0.28317478,0.042678688,0.07068988,0.005934646,0.008694829
1161,0.29179665,0.028989296,0.05133076,0.003254815,0.008547662
1162,0.115774035,0.3805123,0.036297444,0.004069697,0.013680607
1163,0.12456293,0.36605296,0.05199673,0.008400986,0.013455541
1164,0.1844671,0.29977703,0.10353276,0.024577735,0.010020384
1165,0.19002594,0.29315984,0.101453766,0.021406703,0.009259038
1166,0.19585298,0.2863405,0.09579976,0.016319748,0.008490739
1167,0.15139177,0.32745987,0.08671146,0.023702985,0.012521389
1168,0.14141525,0.33674493,0.07802532,0.019906111,0.012939394
1169,0.13292195,0.3516644,0.06575012,0.013695555,0.01322394
1170,0.16719654,0.3170867,0.09725533,0.026246397,0.011626986
1171,0.16182774,0.32834265,0.090769455,0.022533068,0.012073445
1172,0.17766857,0.3091176,0.10253943,0.025799142,0.010825184
1173,0.18755253,0.3083845,0.10485262,0.021322412,0.010190368
1174,0.17668441,0.32048494,0.09961867,0.022377938,0.011199337
1175,0.22428311,0.26206374,0.04313716,-0.009014484,0.005880334
1176,0.21807721,0.26434997,0.049057204,-0.006178948,0.006154688
1177,0.21671274,0.27295852,0.06868153,-0.003410427,0.00661889
1178,0.21463013,0.28126442,0.084008195,0.000560782,0.007246141
1179,0.20501883,0.2903168,0.09774786,0.010080949,0.008249037
1180,0.211844,0.28785154,0.09344888,0.004478546,0.007776953
1181,0.23406906,0.24890067,0.01714816,-0.0084048,0.005409215
1182,0.24330139,0.24136543,0.010836583,-0.007616416,0.005579862
1183,0.2299726,0.25907034,0.036749374,-0.01070938,0.005842149
1184,0.23524955,0.25602877,0.031453587,-0.011639616,0.005740387
1185,0.23120274,0.26757926,0.054724567,-0.011251622,0.006237104
1186,0.25055936,0.2433942,0.016700827,-0.010689955,0.005913002
1187,0.2542428,0.23853141,0.012859821,-0.009403901,0.00598376
1188,0.27437788,0.19731106,0.004231322,0.001570871,0.006607336
1189,0.26679647,0.20157492,0.002057402,0.000198398,0.006415524
1190,0.26642287,0.2084209,0.002427781,-0.001428939,0.006398271
1191,0.2648253,0.21469589,0.003180952,-0.002915889,0.006338074
1192,0.2630634,0.22060362,0.004468057,-0.00439202,0.006269565
1193,0.25822595,0.23319751,0.009807394,-0.008047866,0.006119098
1194,0.26119336,0.22695534,0.006792589,-0.006232176,0.006192508
1195,0.2816727,0.19246086,0.00727889,0.003549512,0.006804027
1196,0.28115436,0.18570605,0.008883102,0.005919413,0.006781595
1197,0.28105783,0.1784972,0.011960147,0.008586331,0.006789539
1198,0.2816312,0.16111954,0.024866963,0.01507933,0.00686793
1199,0.28138593,0.17098409,0.016691534,0.011469371,0.00683044
1200,0.28484556,0.1507238,0.03653557,0.018512342,0.007040024
1201,0.29009998,0.15714322,0.03152024,0.01684232,0.007089643
1202,0.29593596,0.08408027,0.08941486,0.016835272,0.008110223
1203,0.29080895,0.09412953,0.08843764,0.01875258,0.007956593
1204,0.28512603,0.10403395,0.08449712,0.020207046,0.007771861
1205,0.29085955,0.11422981,0.07603926,0.021812264,0.007595483
1206,0.28907654,0.13257697,0.057683595,0.021845035,0.007309359
1207,0.29574075,0.123409726,0.067456946,0.02232258,0.007512622
1208,0.29265702,0.1414763,0.04840583,0.020721916,0.007259677
1209,0.2918196,0.060010433,0.0836499,0.010575957,0.008424935
1210,0.3019217,0.07218838,0.08646948,0.014012013,0.008185104
1211,0.30617157,0.08427228,0.08701002,0.017064119,0.008003822
1212,0.3009245,0.044314314,0.06819169,0.006824269,0.008373623
1213,0.3097867,0.02964684,0.04860564,0.003479481,0.008224322
1214,0.13374265,0.38086608,0.040450986,0.004242696,0.013315088
1215,0.14216629,0.36645082,0.057413436,0.008558696,0.013035532
1216,0.19291355,0.30319718,0.105229385,0.019060194,0.009608276
1217,0.19865306,0.29759258,0.103510655,0.015511309,0.009012611
1218,0.20630816,0.29977623,0.103899136,0.010560813,0.00874498
1219,0.19449298,0.31249,0.10587653,0.017159006,0.009969968
1220,0.15658206,0.34034866,0.082278386,0.018018259,0.012430983
1221,0.1500924,0.3522375,0.071926534,0.013586577,0.012734187
1222,0.1715563,0.3286992,0.094522074,0.020690437,0.011644091
1223,0.16674481,0.33752367,0.0880058,0.018123126,0.011987262
1224,0.18601349,0.31873855,0.1031346,0.019705467,0.010671383
1225,0.18146798,0.32916367,0.097822264,0.018114774,0.011197948
1226,0.22478616,0.2720556,0.064870566,-0.007935543,0.00647476
1227,0.2216556,0.28105515,0.0814965,-0.003810686,0.007042922
1228,0.21847826,0.28923187,0.09321191,0.000536124,0.00761025
1229,0.21346764,0.29676536,0.10118742,0.005507184,0.008244666
1230,0.24110371,0.25266019,0.026842482,-0.012139637,0.00581234
1231,0.24624228,0.24806161,0.02126028,-0.011653171,0.005822538
1232,0.2547571,0.25071794,0.028132847,-0.014178488,0.006191914
1233,0.2366762,0.26427758,0.048032306,-0.013055588,0.006122116
1234,0.24310024,0.26102766,0.042370852,-0.01441907,0.006123577
1235,0.23244216,0.27506515,0.06864702,-0.010502489,0.00664819
1236,0.23818874,0.27264962,0.06352656,-0.012998422,0.006508786
1237,0.25862327,0.2458021,0.02287096,-0.013100429,0.006235312
1238,0.26332563,0.24007222,0.018115008,-0.011679044,0.006329259
1239,0.2817853,0.19888896,0.006598232,0.001310322,0.006798547
1240,0.27607962,0.20493363,0.004758036,-0.000748033,0.006652637
1241,0.2736926,0.21275942,0.005348385,-0.003132065,0.006593405
1242,0.27135465,0.21968655,0.006857951,-0.005208948,0.006522541
1243,0.26992387,0.2260413,0.009469699,-0.007289137,0.006481666
1244,0.26854426,0.2337035,0.014232208,-0.009994877,0.006454387
1245,0.2903419,0.19534346,0.009943538,0.002791804,0.007009008
1246,0.28799042,0.18826923,0.010626293,0.005396893,0.006958932
1247,0.28907812,0.18147287,0.013561676,0.008038805,0.006993028
1248,0.28952217,0.17370765,0.0179292,0.011011112,0.007013314
1249,0.2901222,0.16463763,0.024804093,0.014349083,0.007051795
1250,0.2960126,0.1502668,0.039899886,0.018852236,0.007240957
1251,0.29788834,0.15896839,0.03222165,0.016441805,0.007241015
1252,0.3022638,0.09590588,0.08558371,0.019543499,0.007917426
1253,0.29727694,0.10518847,0.08190757,0.020950634,0.007767093
1254,0.30213603,0.1151729,0.07442421,0.022070264,0.007666134
1255,0.30014947,0.13242696,0.058781616,0.021856386,0.007445506
1256,0.30471718,0.124246135,0.0667446,0.022215573,0.007565623
1257,0.3041669,0.14168514,0.05018433,0.020584896,0.00742065
1258,0.31130287,0.0936349,0.08447985,0.019034456,0.007897628
1259,0.3115805,0.07549876,0.084791295,0.014917593,0.008075821
1260,0.31709826,0.08523629,0.08449724,0.017181434,0.00798702
1261,0.310934,0.06133071,0.07947652,0.011290371,0.008188089
1262,0.31927902,0.045098618,0.06436818,0.007002921,0.008106927
1263,0.32795373,0.030108465,0.045481715,0.003412082,0.007959852
1264,0.15147662,0.38095304,0.044935703,0.004180212,0.012868761
1265,0.15972112,0.36628878,0.063341,0.008255376,0.012535386
1266,0.20229346,0.30758753,0.10647779,0.01332566,0.009343447
1267,0.2108915,0.30535647,0.10565203,0.008237429,0.008857688
1268,0.20175275,0.31682676,0.10623075,0.012950165,0.009801015
1269,0.19536091,0.3209595,0.10448736,0.015293818,0.010268886
1270,0.16762911,0.35051793,0.07981696,0.013137871,0.012124266
1271,0.17612898,0.33970985,0.09025175,0.015670417,0.011653558
1272,0.19169435,0.3297289,0.10048711,0.014751389,0.010722941
1273,0.18673037,0.33762065,0.09488949,0.014066903,0.011156534
1274,0.22912954,0.28131747,0.07976889,-0.007644414,0.006967932
1275,0.22636333,0.28974554,0.09157419,-0.003906784,0.007476278
1276,0.22282943,0.29829487,0.100252606,0.000203322,0.0080554
1277,0.21890333,0.3065297,0.10523368,0.003866092,0.008604866
1278,0.25037047,0.2571434,0.03688452,-0.01520895,0.00620357
1279,0.26339144,0.25244203,0.033035204,-0.01579567,0.006468666
1280,0.25876844,0.25702286,0.03843686,-0.016317584,0.006445899
1281,0.24447756,0.26965916,0.057752576,-0.015047506,0.006496889
1282,0.25072396,0.26639682,0.052250586,-0.016359814,0.006485197
1283,0.23890465,0.28172246,0.077969745,-0.011603107,0.00699384
1284,0.24448115,0.27697277,0.069727324,-0.014326396,0.006805942
1285,0.2678329,0.24725136,0.027722301,-0.014740907,0.006545185
1286,0.27248466,0.24194747,0.023347478,-0.013434547,0.006626686
1287,0.28645435,0.20439574,0.008316125,-0.000627134,0.0069258
1288,0.2830274,0.21118452,0.008131123,-0.00302209,0.00682956
1289,0.28044277,0.21763569,0.009219951,-0.005225014,0.006766963
1290,0.27844912,0.2243711,0.011648083,-0.007529385,0.006711084
1291,0.2761805,0.23031549,0.014585733,-0.009528696,0.006673951
1292,0.27850878,0.23699881,0.020761572,-0.012208176,0.006774338
1293,0.29696226,0.2017848,0.012205584,0.000395588,0.007143396
1294,0.29987264,0.19474986,0.013839657,0.003227167,0.007199518
1295,0.2972681,0.18696176,0.014547854,0.006243215,0.007165376
1296,0.29797098,0.17687899,0.019237021,0.0101623,0.007186793
1297,0.2984182,0.16761094,0.025396582,0.013582737,0.007220111
1298,0.30641845,0.15164775,0.041185535,0.01843702,0.007399486
1299,0.30730382,0.16121542,0.033251878,0.015735125,0.007383564
1300,0.31009892,0.105447546,0.08006515,0.021037342,0.007779065
1301,0.3127789,0.11890539,0.07116159,0.021913888,0.007678666
1302,0.31252596,0.1313604,0.06086478,0.021614581,0.007558831
1303,0.315869,0.14340675,0.05060128,0.019911302,0.007545499
1304,0.32138327,0.12389936,0.06734653,0.021555992,0.007675404
1305,0.3207487,0.09726136,0.081866324,0.019411482,0.007845353
1306,0.3219828,0.07249841,0.081430934,0.014066934,0.00798173
1307,0.3280862,0.08541672,0.08210344,0.016781632,0.007888601
1308,0.32866192,0.059799153,0.07375025,0.010519016,0.007982805
1309,0.33739758,0.04544765,0.060261246,0.006584482,0.007890656
1310,0.34617376,0.03045636,0.042389963,0.003133743,0.007745995
1311,0.16931385,0.38105416,0.0492128,0.003707149,0.012340094
1312,0.17764847,0.36651924,0.068570815,0.006953956,0.011956588
1313,0.21185772,0.31564212,0.1070841,0.008150253,0.009319473
1314,0.20431773,0.3274897,0.10401968,0.010607358,0.010097732
1315,0.18651617,0.35096526,0.08561574,0.010261469,0.011440832
1316,0.1978477,0.34059098,0.096006684,0.010308443,0.010775431
1317,0.23593497,0.2904129,0.0897881,-0.008300235,0.007436933
1318,0.23276553,0.2993882,0.098773204,-0.004680609,0.007923816
1319,0.2291917,0.30790657,0.10414016,-0.00124749,0.008424446
1320,0.22450054,0.31723353,0.106486015,0.00211361,0.009002209
1321,0.24319826,0.29022935,0.08777387,-0.011234067,0.007365011
1322,0.27057755,0.25396743,0.036884706,-0.016871287,0.006715372
1323,0.25789765,0.2641168,0.04912159,-0.017354585,0.006588202
1324,0.26734024,0.26064733,0.04522518,-0.017960167,0.00675079
1325,0.25150466,0.27558264,0.066806726,-0.016226796,0.00680746
1326,0.2583613,0.27262598,0.061996438,-0.017724972,0.006826134
1327,0.24895777,0.28541,0.080884285,-0.014149339,0.007169077
1328,0.276325,0.24986972,0.033325896,-0.016204074,0.006805988
1329,0.28221902,0.24484439,0.029535433,-0.015063672,0.006908142
1330,0.29299343,0.21028493,0.011652324,-0.002905993,0.007068111
1331,0.28982383,0.21714719,0.012497091,-0.005445981,0.007002993
1332,0.28593123,0.22304934,0.013737155,-0.007528849,0.006917757
1333,0.28547657,0.23046276,0.018074721,-0.010266252,0.006925975
1334,0.28907064,0.23899816,0.026170144,-0.013440013,0.007031252
1335,0.30358568,0.20778327,0.015363325,-0.00198012,0.007282096
1336,0.3059723,0.1993704,0.015829295,0.001422538,0.007329864
1337,0.30777758,0.19013527,0.017850447,0.005135922,0.007353426
1338,0.3078356,0.18032287,0.021321032,0.008997729,0.007357207
1339,0.30809718,0.17083165,0.026614698,0.012525854,0.007377565
1340,0.31727213,0.15435785,0.041616242,0.017445248,0.007521938
1341,0.31803665,0.16425864,0.03433147,0.014572519,0.007514603
1342,0.32774824,0.1471615,0.049718563,0.018542284,0.007621129
1343,0.32393178,0.11207855,0.0751016,0.021106748,0.007764954
1344,0.32708243,0.13422786,0.059818503,0.020567639,0.007672615
1345,0.33059728,0.12292465,0.06814731,0.020921014,0.007702133
1346,0.33324945,0.10012369,0.0791151,0.019097213,0.007799772
1347,0.33702877,0.07442079,0.07832119,0.013812808,0.00786182
1348,0.34161937,0.08912197,0.07934156,0.016606882,0.007821006
1349,0.3468043,0.0612015,0.07005607,0.010023092,0.007808762
1350,0.35551268,0.04602182,0.05661222,0.006064625,0.007702266
1351,0.36460945,0.030802213,0.039536823,0.002804635,0.007564866
1352,0.18710664,0.38133806,0.05254653,0.002823971,0.011759157
1353,0.19557555,0.36737263,0.07200659,0.004829719,0.011356541
1354,0.21874726,0.32814267,0.10486378,0.004792943,0.009635857
1355,0.21286178,0.34076822,0.09844133,0.005910086,0.010251432
1356,0.20405297,0.35442555,0.086645566,0.006029356,0.010850297
1357,0.23174796,0.3273185,0.10486733,-0.000121389,0.009207548
1358,0.24173996,0.29817954,0.09573659,-0.008853648,0.007749318
1359,0.24011487,0.3082744,0.102257036,-0.0059702,0.00824032
1360,0.23655526,0.3178617,0.10514731,-0.002936726,0.008716488
1361,0.25045395,0.29542187,0.091464646,-0.012521719,0.007593258
1362,0.2779891,0.25962383,0.045679443,-0.0185362,0.006966404
1363,0.266696,0.26951113,0.05761857,-0.018769238,0.006914847
1364,0.27394724,0.26673466,0.054330014,-0.019223986,0.00699088
1365,0.2582647,0.28184956,0.074800536,-0.01702778,0.007129334
1366,0.2669992,0.27831516,0.069462426,-0.018737143,0.00712915
1367,0.2588869,0.2911797,0.08554008,-0.015660783,0.007454918
1368,0.28559574,0.2534838,0.039896436,-0.017587991,0.007059922
1369,0.2926952,0.24754445,0.03539651,-0.01619931,0.007155936
1370,0.29975346,0.21654361,0.016100783,-0.00544227,0.007214163
1371,0.29546386,0.22562994,0.018706046,-0.008834369,0.007138159
1372,0.2945481,0.23385431,0.023895063,-0.01181221,0.007128991
1373,0.29874286,0.24071808,0.03084831,-0.014210044,0.007243007
1374,0.31109098,0.2141209,0.019804155,-0.0045118,0.007401058
1375,0.314054,0.20585045,0.019342639,-0.001171916,0.007446093
1376,0.31698745,0.19595513,0.020525923,0.00282041,0.007488885
1377,0.31948346,0.18538128,0.0238618,0.007008521,0.007520722
1378,0.31884554,0.1747889,0.028137395,0.010969874,0.007514115
1379,0.32825902,0.15846318,0.04141028,0.015874024,0.007621314
1380,0.3270162,0.16832672,0.03459332,0.012979359,0.007608971
1381,0.3377924,0.1407485,0.056254335,0.018937878,0.007695123
1382,0.3402831,0.15193741,0.048842795,0.016792832,0.00769683
1383,0.33818075,0.114844814,0.072735175,0.020052964,0.007748955
1384,0.34178978,0.12904443,0.06457806,0.019761385,0.007710169
1385,0.34575787,0.10353679,0.07654147,0.01844279,0.007749823
1386,0.35379314,0.09441751,0.07699549,0.0165002,0.007747101
1387,0.355018,0.07848698,0.07551569,0.01348569,0.007744202
1388,0.36461768,0.061949573,0.066348016,0.009182691,0.007651467
1389,0.37403926,0.046490308,0.0531341,0.005396726,0.00753808
1390,0.383392,0.031121878,0.036954794,0.002441235,0.007409668
1391,0.20505138,0.3817186,0.05468344,0.001664136,0.011148213
1392,0.21355513,0.36838028,0.07364523,0.002387624,0.010735647
1393,0.22721261,0.34046507,0.09954281,0.001658129,0.009761471
1394,0.22256473,0.35375595,0.08956749,0.002200934,0.01021279
1395,0.23891954,0.3358499,0.10146216,-0.001944301,0.009291545
1396,0.2449367,0.32702613,0.10360722,-0.00468946,0.008863276
1397,0.25066072,0.30676892,0.0993374,-0.010035624,0.008030647
1398,0.2499032,0.31720522,0.102802105,-0.007812087,0.008430428
1399,0.25779396,0.30020168,0.093633726,-0.013542216,0.007768015
1400,0.28961498,0.26320326,0.05187143,-0.019529954,0.007226938
1401,0.2825177,0.26945883,0.05853036,-0.019989936,0.007188028
1402,0.2751912,0.27443156,0.06433113,-0.019719187,0.007163642
1403,0.2673625,0.28785798,0.08071371,-0.017823596,0.007381057
1404,0.2762229,0.28372368,0.07524836,-0.019470708,0.007364349
1405,0.26701254,0.298592,0.090659946,-0.015955124,0.007696629
1406,0.29672822,0.25706804,0.046286907,-0.01854412,0.007288401
1407,0.30381462,0.2501542,0.040928025,-0.016905466,0.007356816
1408,0.3077097,0.22328053,0.022100005,-0.008114799,0.007348907
1409,0.30418056,0.23272209,0.026456796,-0.011551672,0.007317395
1410,0.31081992,0.24180028,0.035485424,-0.014481143,0.007430372
1411,0.32159042,0.21268108,0.023588644,-0.00387245,0.007544463
1412,0.31714934,0.22045666,0.0244367,-0.006943711,0.007491446
1413,0.32558876,0.2029397,0.02375393,2.96458E-07,0.007590187
1414,0.32904857,0.19205368,0.025863638,0.004293317,0.007622617
1415,0.3318077,0.17891316,0.030840866,0.009206108,0.00764937
1416,0.3392607,0.16583432,0.039777584,0.013249721,0.007687491
1417,0.3482507,0.15895502,0.046301015,0.014603538,0.007729698
1418,0.34901112,0.14124015,0.05747724,0.017967476,0.007726754
1419,0.35165948,0.1511592,0.05165607,0.01603875,0.007730804
1420,0.35811058,0.15771614,0.04932823,0.01410488,0.007748692
1421,0.35165423,0.11722539,0.07107869,0.01892505,0.007726898
1422,0.35742152,0.13102122,0.06425246,0.018067062,0.007725943
1423,0.36003953,0.104682855,0.0747463,0.017263522,0.007718074
1424,0.36672628,0.09113034,0.07499069,0.01482,0.007655986
1425,0.37340873,0.07718982,0.07132195,0.011687364,0.007611889
1426,0.38327497,0.062157486,0.06255507,0.007995364,0.007510518
1427,0.39290172,0.046872098,0.049990524,0.00464685,0.007393911
1428,0.40246207,0.031412516,0.034705516,0.002067072,0.007274542
1429,0.22288227,0.38167953,0.056125615,0.000491851,0.010539023
1430,0.23148574,0.36709312,0.07631937,8.96458E-05,0.010132745
1431,0.23967287,0.35083863,0.09251478,-0.001398011,0.009644666
1432,0.25132847,0.33912483,0.098910004,-0.004891045,0.009076521
1433,0.25878042,0.32689723,0.10155535,-0.008393901,0.008610912
1434,0.26448584,0.31177193,0.09880381,-0.012781776,0.008121259
1435,0.30075246,0.26725453,0.057721686,-0.020117633,0.007431529
1436,0.29296935,0.2735425,0.06386589,-0.020576293,0.007392763
1437,0.28539434,0.27921712,0.06986785,-0.020386677,0.007385128
1438,0.2767641,0.29355645,0.08482115,-0.018398147,0.007613855
1439,0.28474608,0.28833875,0.07918442,-0.019814985,0.007530733
1440,0.27608538,0.30336353,0.09202284,-0.016712531,0.007851449
1441,0.30211812,0.27649924,0.067152075,-0.020716293,0.007522722
1442,0.30826908,0.2611763,0.052605074,-0.01913227,0.007470254
1443,0.3164569,0.25300142,0.04656637,-0.01730628,0.007525518
1444,0.31775403,0.23110963,0.030114403,-0.010874932,0.007516872
1445,0.3239706,0.24309628,0.040353116,-0.014514965,0.007583598
1446,0.33389437,0.21069397,0.027948739,-0.00303262,0.007670473
1447,0.3277652,0.22202487,0.029077617,-0.007395472,0.007632713
1448,0.33817527,0.20009863,0.028678324,0.001093654,0.007697675
1449,0.34199733,0.18886003,0.031460386,0.005327258,0.007717627
1450,0.35177642,0.16756918,0.042600855,0.012035646,0.007731605
1451,0.34669018,0.17728405,0.036665574,0.009273386,0.007721339
1452,0.36195466,0.16601956,0.046100248,0.011802357,0.007764631
1453,0.36247197,0.14579774,0.056682833,0.016023591,0.007739293
1454,0.36886197,0.15810677,0.051437717,0.0132303,0.007762078
1455,0.36629322,0.11920796,0.06993637,0.017445734,0.007696679
1456,0.37330875,0.1336116,0.064066805,0.016297475,0.007693411
1457,0.37476757,0.10569514,0.073133126,0.015786124,0.007641781
1458,0.38364214,0.09178096,0.072509214,0.013215654,0.007562918
1459,0.39241806,0.07773092,0.06806072,0.010178309,0.007479648
1460,0.4023207,0.06269301,0.05938639,0.006878399,0.007372745
1461,0.41207302,0.047310848,0.047318965,0.003941689,0.007261677
1462,0.4217793,0.031701803,0.03281312,0.001726352,0.007152822
1463,0.24078241,0.38133472,0.0567333,-0.000690504,0.009965729
1464,0.24924344,0.36675695,0.07623713,-0.00215747,0.009625857
1465,0.25781998,0.35334793,0.08889534,-0.004498556,0.009237683
1466,0.26737458,0.33973706,0.096297115,-0.007972918,0.008800784
1467,0.27465376,0.32651812,0.09849655,-0.011733734,0.008420246
1468,0.2817139,0.31449842,0.095845036,-0.015188636,0.008100447
1469,0.31031004,0.27304545,0.06427708,-0.02045812,0.007546496
1470,0.29641145,0.28575212,0.07604414,-0.020603174,0.007588283
1471,0.28893757,0.2994444,0.08753774,-0.01876403,0.007741248
1472,0.3081445,0.28423578,0.074205175,-0.020686492,0.007648949
1473,0.32123053,0.26675975,0.059623856,-0.019534945,0.007615637
1474,0.32921132,0.25496304,0.050900593,-0.017206995,0.007644287
1475,0.3471439,0.2087318,0.032606233,-0.002154087,0.007735076
1476,0.33290732,0.23323527,0.036522675,-0.011191695,0.00765456
1477,0.33667395,0.24446803,0.04480216,-0.014331065,0.007673852
1478,0.3435346,0.22182322,0.03463476,-0.006969311,0.007714865
1479,0.3513787,0.1973126,0.033751342,0.002089886,0.007755849
1480,0.35507768,0.18660271,0.036633424,0.005841503,0.007763232
1481,0.36022124,0.17592487,0.041506805,0.009132891,0.007764159
1482,0.37194645,0.17079163,0.04669605,0.009929843,0.007775083
1483,0.3789304,0.14772913,0.058179155,0.014151417,0.007701074
1484,0.37975782,0.16058643,0.052672707,0.01176675,0.007731728
1485,0.382778,0.121442854,0.0689834,0.015618305,0.007635796
1486,0.38989154,0.1378736,0.06354746,0.014191929,0.007645043
1487,0.39222944,0.107930295,0.07142211,0.014027437,0.007554181
1488,0.40157318,0.09353939,0.07036371,0.011660112,0.007455891
1489,0.41171262,0.078682914,0.06537844,0.008756484,0.00735159
1490,0.42166233,0.06335184,0.056735158,0.005835389,0.007244377
1491,0.4315208,0.047747772,0.0450648,0.003296237,0.007139703
1492,0.44135088,0.03196237,0.031225173,0.001423737,0.00704082
1493,0.25873005,0.38128886,0.05566875,-0.001667297,0.009449326
1494,0.26731345,0.3672275,0.07380556,-0.003781658,0.009170509
1495,0.27605897,0.35314655,0.08631832,-0.006793211,0.008854393
1496,0.28479704,0.3394043,0.09308112,-0.010351408,0.00853248
1497,0.29164284,0.32576978,0.09494906,-0.013879627,0.008255917
1498,0.29814917,0.31212193,0.09190946,-0.017244656,0.00801578
1499,0.3187995,0.2806734,0.071225084,-0.020516803,0.00768309
1500,0.3058847,0.2977096,0.08423232,-0.019737383,0.007816573
1501,0.31605127,0.29119018,0.07903142,-0.020278057,0.007761937
1502,0.33068812,0.27807972,0.06955905,-0.019876037,0.00771455
1503,0.33487877,0.266379,0.060940765,-0.018662542,0.007706384
1504,0.34087357,0.25624883,0.054189008,-0.016726907,0.007715366
1505,0.35978416,0.20604011,0.036918763,-0.00106785,0.007762129
1506,0.35609627,0.21642229,0.037390307,-0.004781416,0.007753701
1507,0.36492413,0.21335791,0.03976164,-0.003552662,0.007771752
1508,0.3466628,0.24795613,0.04961472,-0.014610498,0.007720609
1509,0.34760007,0.23668252,0.042972043,-0.011629047,0.007721408
1510,0.35588592,0.2270761,0.040887028,-0.008359103,0.007747844
1511,0.36411542,0.19626585,0.03832277,0.002308766,0.007786232
1512,0.3681048,0.18475243,0.041340034,0.005997766,0.0077663
1513,0.37972212,0.1813853,0.04568146,0.006480857,0.007765791
1514,0.3869649,0.1701938,0.05075303,0.009049786,0.007718516
1515,0.3939163,0.15549721,0.05733993,0.011616564,0.00766974
1516,0.40017742,0.1243385,0.06823607,0.013694961,0.007550296
1517,0.4063119,0.14160997,0.06372094,0.012266903,0.007564417
1518,0.41076207,0.110077105,0.07006742,0.012212742,0.007447051
1519,0.42111456,0.09510253,0.068426825,0.009993404,0.007338219
1520,0.43124074,0.079651974,0.06313415,0.007417768,0.007227566
1521,0.4412224,0.063965596,0.054498676,0.004879741,0.00712302
1522,0.45120606,0.048104268,0.043148037,0.002718696,0.007025381
1523,0.46112323,0.03217238,0.029896036,0.001161072,0.006935831
1524,0.27673045,0.38125032,0.053651527,-0.002324275,0.009000884
1525,0.2853947,0.3668746,0.07129925,-0.004965604,0.008780541
1526,0.29390997,0.35239163,0.08338387,-0.008291092,0.008539339
1527,0.3024466,0.33804086,0.08980052,-0.01192123,0.008298941
1528,0.30882958,0.3243111,0.09124778,-0.015238921,0.008097193
1529,0.31151196,0.3108711,0.089078985,-0.017750995,0.007948393
1530,0.32609004,0.29092503,0.07829822,-0.020009616,0.007765082
1531,0.31965488,0.3020413,0.08474302,-0.01907807,0.007851531
1532,0.33794025,0.28958422,0.07692672,-0.019298239,0.007746962
1533,0.34279302,0.27764806,0.06967959,-0.01898581,0.00774213
1534,0.34711665,0.26653227,0.062438756,-0.017828552,0.007745065
1535,0.35272324,0.25561655,0.055882316,-0.015785033,0.007734906
1536,0.37102538,0.20649461,0.040836174,-0.00124081,0.00777974
1537,0.36528614,0.22142842,0.04186492,-0.00619676,0.007789421
1538,0.37205705,0.21586575,0.042580355,-0.004216,0.007796257
1539,0.35790816,0.24612004,0.051135268,-0.013454217,0.007741876
1540,0.36575225,0.23014455,0.045154408,-0.008782436,0.007759489
1541,0.35962787,0.23609884,0.04606255,-0.010802317,0.007756552
1542,0.37936008,0.19580798,0.04332556,0.002112242,0.007789676
1543,0.3922344,0.1853806,0.04836671,0.004899534,0.007731549
1544,0.40250474,0.17160635,0.053863257,0.007863913,0.007660963
1545,0.41255683,0.15800335,0.059528038,0.009692917,0.007576223
1546,0.42499483,0.14462616,0.06452689,0.010280418,0.007470957
1547,0.4190486,0.12716223,0.06787518,0.011729144,0.007443357
1548,0.43058503,0.11226988,0.06900732,0.010367882,0.007328383
1549,0.4408406,0.09637096,0.06683589,0.00843222,0.007213308
1550,0.45095542,0.08039022,0.061204705,0.006186751,0.00710602
1551,0.46106285,0.06435298,0.05253345,0.004013385,0.00700684
1552,0.47106826,0.048338395,0.041508824,0.002212303,0.006917234
1553,0.48105198,0.032286678,0.028758002,0.000935011,0.006835974
1554,0.29484954,0.38095957,0.05134184,-0.002757913,0.008616961
1555,0.30352217,0.3662874,0.06838282,-0.005655094,0.008455511
1556,0.31192756,0.35124344,0.08020094,-0.00912974,0.008278922
1557,0.3197388,0.33565018,0.08676657,-0.01280064,0.008098751
1558,0.32530332,0.31789625,0.08804972,-0.016545132,0.007934939
1559,0.33308607,0.3036549,0.0836232,-0.01845842,0.007842667
1560,0.34545356,0.29863957,0.08056505,-0.01822276,0.007792246
1561,0.35193604,0.28857762,0.0759663,-0.018387703,0.00777008
1562,0.35666883,0.27598172,0.06927524,-0.017849667,0.007750671
1563,0.3576041,0.26426968,0.06218269,-0.016697077,0.007757092
1564,0.36554936,0.2552101,0.057935614,-0.014688503,0.007747951
1565,0.3826613,0.21211953,0.04510901,-0.002926152,0.007793406
1566,0.37700126,0.22570398,0.04668721,-0.007093193,0.007802364
1567,0.37096003,0.24041536,0.05106455,-0.011292232,0.007785552
1568,0.3960643,0.20350169,0.048190698,-0.000332362,0.007722707
1569,0.40905482,0.19043747,0.05218837,0.003056751,0.007661401
1570,0.40875033,0.20360315,0.051702954,-0.000369958,0.007640095
1571,0.4201967,0.17449018,0.05703174,0.006184335,0.007570881
1572,0.4307693,0.16115567,0.061515216,0.007800281,0.007469325
1573,0.43983504,0.15020278,0.0647827,0.008453565,0.007385591
1574,0.44069648,0.13208088,0.067682184,0.009589215,0.007331666
1575,0.45077392,0.11345893,0.06831805,0.00861992,0.007206296
1576,0.46085966,0.09693355,0.065433584,0.006952586,0.00709214
1577,0.470982,0.080674335,0.05945876,0.005051647,0.006988523
1578,0.48102218,0.06456064,0.050848264,0.003253712,0.006896357
1579,0.49103075,0.048462413,0.04012285,0.00177953,0.006814177
1580,0.5010366,0.03233663,0.027806588,0.000745765,0.006740027
1581,0.31313342,0.3804823,0.048897397,-0.002958649,0.008295864
1582,0.32180992,0.36535126,0.06545619,-0.005954978,0.008183598
1583,0.33015433,0.34975466,0.07699468,-0.009416558,0.00806226
1584,0.33801368,0.33327812,0.08341521,-0.012989452,0.007939787
1585,0.34628823,0.31546697,0.084185064,-0.016079575,0.007856955
1586,0.35935208,0.30216643,0.08031663,-0.016951002,0.007748839
1587,0.36692402,0.2871165,0.07495565,-0.01710978,0.007724877
1588,0.3715851,0.27037948,0.067206286,-0.016228227,0.007721968
1589,0.38251555,0.25445953,0.060379937,-0.013366784,0.007719819
1590,0.39382577,0.2215742,0.050182078,-0.005397482,0.007723513
1591,0.3884485,0.23815368,0.054204658,-0.009744707,0.00772634
1592,0.40868562,0.2161835,0.05299297,-0.003629135,0.007659189
1593,0.4202127,0.20377177,0.05460749,-0.000440514,0.007605766
1594,0.42783245,0.18966934,0.056657378,0.002679508,0.007534431
1595,0.4385697,0.17614004,0.06020558,0.004916486,0.007446812
1596,0.44796515,0.16264723,0.06364677,0.006485601,0.007358344
1597,0.45459038,0.14593543,0.06666529,0.007761271,0.007280276
1598,0.46085155,0.12967508,0.06823611,0.007926358,0.007181965
1599,0.47093117,0.113259204,0.06763831,0.007050213,0.007075724
1600,0.4809997,0.09696533,0.06416093,0.005652554,0.006969369
1601,0.4910244,0.080789216,0.05797526,0.004087288,0.006874506
1602,0.50102717,0.06465819,0.049433548,0.002617287,0.006790174
1603,0.5110276,0.048520733,0.03897436,0.001422922,0.006715016
1604,0.5210318,0.032362714,0.027034447,0.000593199,0.006647067
1605,0.33166155,0.37991557,0.046386205,-0.00297468,0.008026985
1606,0.34043682,0.36444268,0.062334295,-0.005906828,0.007951502
1607,0.34899345,0.34856755,0.07346417,-0.009193791,0.007867284
1608,0.35753304,0.33238092,0.079613246,-0.012279591,0.007794663
1609,0.36630347,0.31713232,0.08085069,-0.014393289,0.007727894
1610,0.37657818,0.30128476,0.07856644,-0.01551002,0.007664114
1611,0.38459408,0.2851302,0.074024245,-0.015540568,0.007652121
1612,0.39209867,0.26876014,0.06803356,-0.014201759,0.007657181
1613,0.40055,0.25171417,0.062032674,-0.011557558,0.007647939
1614,0.40614182,0.23520648,0.056993507,-0.008226148,0.007649913
1615,0.4197267,0.22979566,0.058412842,-0.006368105,0.007586013
1616,0.42703292,0.2175365,0.05753191,-0.003558405,0.007544988
1617,0.436696,0.20454015,0.058386542,-0.000670753,0.007481945
1618,0.44682884,0.19162336,0.060403645,0.00174425,0.007413093
1619,0.45652032,0.17780165,0.06300297,0.003862985,0.007328551
1620,0.46487382,0.16173816,0.065772966,0.005619838,0.00724352
1621,0.47254986,0.14524297,0.06788756,0.006517063,0.007146101
1622,0.4809774,0.12938315,0.06852247,0.006492407,0.007048625
1623,0.4910927,0.113132454,0.06706324,0.005731132,0.006946883
1624,0.50108206,0.09696611,0.063099995,0.004572688,0.006851122
1625,0.51105493,0.080835976,0.056742705,0.003290522,0.006764896
1626,0.5210371,0.064701796,0.04826779,0.002097108,0.006687965
1627,0.5310287,0.048548494,0.038038634,0.001135382,0.006619048
1628,0.54102767,0.03237835,0.026414175,0.000471949,0.006556298
1629,0.35048136,0.3793956,0.04380734,-0.002841627,0.007800486
1630,0.35945192,0.36372456,0.059051245,-0.005574589,0.007749777
1631,0.36833555,0.34785044,0.069761865,-0.008492009,0.007695959
1632,0.3772639,0.33199006,0.07592783,-0.011075182,0.007647873
1633,0.38660127,0.31612182,0.07796812,-0.012956656,0.007600051
1634,0.39569417,0.30004132,0.0768657,-0.013873223,0.007568456
1635,0.40424082,0.28364587,0.07352014,-0.013670726,0.00756096
1636,0.41278264,0.2665346,0.0687892,-0.012255013,0.007551075
1637,0.42118022,0.24726647,0.063554,-0.009473174,0.007549504
1638,0.43559343,0.23279361,0.062113624,-0.006335712,0.007495955
1639,0.44661716,0.21915334,0.061713703,-0.003515052,0.007421904
1640,0.45165193,0.20548661,0.061449293,-0.000925006,0.007386372
1641,0.4656681,0.19498879,0.06361257,0.000825844,0.007280115
1642,0.47438636,0.1775972,0.06561479,0.003223794,0.007202388
1643,0.48330316,0.16116503,0.067670986,0.004687079,0.007109562
1644,0.49200428,0.14527124,0.06892121,0.005327717,0.007015621
1645,0.50138104,0.12914656,0.06873473,0.005252178,0.006918643
1646,0.51119983,0.11304216,0.06658398,0.004625016,0.006825547
1647,0.5211074,0.09695908,0.062231548,0.00368023,0.006738466
1648,0.53106207,0.08085368,0.055735067,0.002639172,0.006659821
1649,0.54103744,0.064719275,0.047319185,0.001676505,0.00658933
1650,0.5510249,0.04855879,0.037281442,0.000905356,0.006525687
1651,0.5610196,0.032379907,0.025911538,0.000375723,0.006467195
1652,0.36957422,0.37897846,0.041246597,-0.002599202,0.007607197
1653,0.3787743,0.36319718,0.055822004,-0.005033556,0.007574052
1654,0.38793507,0.34730312,0.066281825,-0.007573587,0.007537822
1655,0.39714175,0.3313154,0.07271987,-0.009826725,0.007501608
1656,0.40645748,0.31521186,0.075527176,-0.011428008,0.007470292
1657,0.41564205,0.29896495,0.0754406,-0.012134426,0.007450823
1658,0.4246333,0.28244394,0.07329484,-0.011851415,0.007437654
1659,0.43377033,0.26553005,0.070058845,-0.010507728,0.007427564
1660,0.44377357,0.24942137,0.06708138,-0.008297207,0.007390633
1661,0.45523006,0.23358832,0.065378726,-0.005656912,0.007340126
1662,0.46521476,0.21625695,0.06452981,-0.002721529,0.007285258
1663,0.47911552,0.20582741,0.06608148,-0.000981527,0.007190627
1664,0.48529834,0.191844,0.06664883,0.000995302,0.007131581
1665,0.493774,0.1763738,0.06801844,0.002706108,0.007058268
1666,0.50272906,0.16066036,0.06930691,0.003829234,0.006973398
1667,0.5118999,0.14487915,0.06978709,0.004313824,0.006883844
1668,0.521399,0.12899147,0.06889114,0.004233556,0.00679503
1669,0.5312062,0.11299157,0.0661985,0.003717738,0.006709748
1670,0.541103,0.09695277,0.06152864,0.002951197,0.006630558
1671,0.5510556,0.080859534,0.05491974,0.002111365,0.006558641
1672,0.5610304,0.06472487,0.046553783,0.001338548,0.006493669
1673,0.5710166,0.04856132,0.0366727,0.000721952,0.006434418
1674,0.5810093,0.032380007,0.025509939,0.000299569,0.006379399
1675,0.3888927,0.3786543,0.038838804,-0.002292056,0.007440911
1676,0.3983049,0.36277324,0.052849676,-0.004414322,0.007417403
1677,0.4077012,0.34678698,0.06316838,-0.006623372,0.007389405
1678,0.41712758,0.33070233,0.06989277,-0.008550395,0.007362227
1679,0.42655697,0.3145189,0.07338326,-0.009889453,0.007339295
1680,0.43592554,0.29822835,0.07424414,-0.010450097,0.007321283
1681,0.4453071,0.28185564,0.0732532,-0.010127286,0.00730665
1682,0.4549451,0.26565826,0.071324684,-0.008963683,0.007283854
1683,0.46503446,0.24980281,0.06940295,-0.007155563,0.007242636
1684,0.47505033,0.23420092,0.06813289,-0.005009874,0.007197824
1685,0.48423907,0.22016887,0.06772415,-0.00297947,0.007139032
1686,0.495353,0.20581229,0.06830882,-0.000975978,0.007076351
1687,0.50427973,0.1910235,0.06904922,0.000769416,0.007000362
1688,0.51326764,0.17580366,0.070000604,0.002162693,0.006923482
1689,0.5224095,0.16033873,0.07066616,0.003067006,0.006842255
1690,0.53177017,0.14469828,0.07049981,0.003458157,0.006759233
1691,0.54138416,0.12889712,0.06902281,0.003389383,0.006677392
1692,0.5511878,0.11296897,0.06589504,0.002973945,0.006599445
1693,0.5610921,0.096949294,0.060966052,0.002358177,0.006527008
1694,0.5710457,0.08086121,0.05426569,0.001685261,0.006460841
1695,0.58102065,0.06472654,0.045940697,0.00106761,0.006400496
1696,0.5910062,0.04856182,0.036186114,0.000575781,0.006344864
1697,0.6009979,0.032380007,0.025189634,0.000239124,0.006292664
1698,0.40839088,0.37838632,0.036684174,-0.001973974,0.007294797
1699,0.4179807,0.3624091,0.050209396,-0.003802883,0.007275052
1700,0.42756608,0.34634018,0.06042794,-0.005694225,0.00725157
1701,0.43716887,0.33019564,0.067427404,-0.007326032,0.007228448
1702,0.44676518,0.3139953,0.071516834,-0.008446047,0.007207465
1703,0.45634294,0.2977838,0.07322267,-0.008886695,0.007188904
1704,0.46596265,0.2816636,0.07323094,-0.008594929,0.007167876
1705,0.4756975,0.26577377,0.07231691,-0.007636947,0.007138316
1706,0.48547453,0.2502135,0.07121861,-0.006175698,0.007099347
1707,0.49510905,0.23517503,0.07044984,-0.004463876,0.00705175
1708,0.50484705,0.22046064,0.07025321,-0.002655295,0.006996543
1709,0.51433825,0.20554933,0.07054078,-0.000942605,0.00693572
1710,0.523712,0.19071436,0.07110494,0.000523367,0.006865658
1711,0.532911,0.17556153,0.07165554,0.001673149,0.006792754
1712,0.542197,0.16018926,0.07180244,0.002418634,0.006717092
1713,0.55166966,0.14461708,0.07109958,0.002744309,0.006640442
1714,0.5613434,0.12886178,0.0691467,0.00269603,0.006565316
1715,0.57116807,0.11295867,0.0656618,0.002367534,0.006493819
1716,0.58107924,0.09694727,0.0605206,0.001877876,0.006427215
1717,0.591033,0.08086148,0.053745054,0.0013422,0.006365909
1718,0.6010081,0.06472714,0.045452356,0.00085058,0.006309405
1719,0.6109942,0.04856214,0.035798606,0.000459136,0.006256734
1720,0.62098575,0.03238006,0.024934284,0.000190985,0.006206824
1721,0.42803463,0.3781595,0.03480522,-0.001675877,0.007163319
1722,0.43775776,0.36210462,0.047908694,-0.003230135,0.007144403
1723,0.447484,0.34598398,0.058043987,-0.004831564,0.007122238
1724,0.457228,0.3298236,0.06528309,-0.006206803,0.007099694
1725,0.46697253,0.31366056,0.069893375,-0.007142072,0.007078102
1726,0.47669744,0.29755947,0.072327316,-0.007509963,0.007056116
1727,0.4864068,0.28161392,0.07317272,-0.007278848,0.007030433
1728,0.49609277,0.26592252,0.07308165,-0.006505327,0.006998469
1729,0.5057124,0.2505656,0.072649315,-0.005324749,0.006958719
1730,0.51527375,0.23550881,0.07231383,-0.003891797,0.006913142
1731,0.5247727,0.2205512,0.072269715,-0.002379918,0.006859946
1732,0.53414357,0.20563295,0.072502345,-0.00094821,0.006800994
1733,0.5434299,0.19062722,0.072845116,0.000292732,0.006736254
1734,0.5526961,0.17546761,0.07304443,0.001253179,0.006668139
1735,0.56206244,0.16012447,0.07275798,0.001877031,0.0065979
1736,0.571597,0.14458032,0.07161002,0.00215614,0.006527262
1737,0.581306,0.12884486,0.069265,0.002129716,0.006458181
1738,0.5911464,0.11295316,0.06548732,0.001875473,0.006392324
1739,0.6010618,0.09694727,0.060172424,0.001490159,0.006330668
1740,0.6110156,0.080863,0.053334385,0.001066486,0.00627341
1741,0.62099195,0.064728186,0.04506553,0.00067674,0.006220064
1742,0.6309804,0.048562597,0.035490785,0.000365894,0.006169805
1743,0.6409731,0.03238016,0.02473086,0.00015253,0.006121756
1744,0.44779378,0.37797603,0.033188827,-0.001407072,0.007042729
1745,0.45760983,0.36187074,0.04592117,-0.002714248,0.0070228
1746,0.46743253,0.34572777,0.055980667,-0.004061218,0.006999914
1747,0.47727442,0.329579,0.063425526,-0.005217519,0.006976282
1748,0.48711458,0.3134686,0.06848127,-0.006008449,0.006952351
1749,0.49691537,0.2974598,0.07153149,-0.006331798,0.006926981
1750,0.50664455,0.28163156,0.073076285,-0.006161238,0.006898307
1751,0.51628304,0.26605678,0.07366128,-0.005543303,0.006864522
1752,0.52582693,0.2507568,0.07378891,-0.004575458,0.006825404
1753,0.5352828,0.23566319,0.07382209,-0.003394297,0.006780335
1754,0.5446566,0.22066766,0.07393575,-0.002140504,0.006729486
1755,0.5539823,0.20565893,0.074139595,-0.000940169,0.006673393
1756,0.56326246,0.19059773,0.07430449,0.000100549,0.006612841
1757,0.5725665,0.17542872,0.07420975,0.000905598,0.006549388
1758,0.58197683,0.1600938,0.07356302,0.001432527,0.00648434
1759,0.5915433,0.14456092,0.07204705,0.001676261,0.006419152
1760,0.60126936,0.12883528,0.0693794,0.001670144,0.006355411
1761,0.6111181,0.11295109,0.06536181,0.00147791,0.006294402
1762,0.6210385,0.09694969,0.059904195,0.001177977,0.006236882
1763,0.6309954,0.08086642,0.053013258,0.000845096,0.006182957
1764,0.6409745,0.06473012,0.044760738,0.000537431,0.006132192
1765,0.65096587,0.04856314,0.03524685,0.000291244,0.006083898
1766,0.66096026,0.032380253,0.024568954,0.000121731,0.006037366
1767,0.467638,0.37784475,0.03180198,-0.001171231,0.00693015
1768,0.47751427,0.36171192,0.044210788,-0.002263643,0.006908182
1769,0.4873977,0.34556445,0.054202285,-0.003392833,0.006883599
1770,0.49729446,0.3294359,0.06182109,-0.004368268,0.00685792
1771,0.5071795,0.3133717,0.06725326,-0.005045206,0.006831372
1772,0.5170071,0.29743028,0.070822045,-0.005336796,0.00680324
1773,0.52673656,0.2816748,0.072951026,-0.005218913,0.006772274
1774,0.53634846,0.2661529,0.074103355,-0.004724514,0.006737572
1775,0.5458435,0.25086606,0.074701004,-0.003936399,0.006698325
1776,0.55523634,0.23575574,0.07505058,-0.002964933,0.006654323
1777,0.5645603,0.22072451,0.075311385,-0.001925265,0.006605516
1778,0.57386786,0.20567027,0.075503156,-0.000923523,0.006552227
1779,0.5831553,0.19058445,0.075524,-5.26355E-05,0.006495431
1780,0.59248143,0.17540918,0.07518655,0.000624073,0.006436321
1781,0.6019142,0.16007768,0.07424229,0.001072011,0.006375976
1782,0.61149544,0.14455159,0.07242367,0.001287809,0.006315606
1783,0.6212287,0.12883244,0.069491394,0.001299137,0.006256458
1784,0.63108283,0.11295256,0.065276675,0.001157771,0.006199531
1785,0.64101094,0.09695301,0.059700396,0.000927076,0.006145421
1786,0.6509754,0.08086942,0.052763443,0.000667408,0.006094215
1787,0.66095877,0.06473156,0.044521175,0.000425721,0.006045552
1788,0.6709522,0.04856334,0.03505387,0.000231388,0.005998865
1789,0.6809476,0.032380223,0.024440251,9.70117E-05,0.005953576
1790,0.4875329,0.37776282,0.030617494,-0.000969958,0.006823555
1791,0.49744424,0.36161658,0.0427476,-0.001880277,0.006799153
1792,0.50736296,0.3454744,0.052676275,-0.002827229,0.006772402
1793,0.5172858,0.32936758,0.060437884,-0.003653325,0.006744442
1794,0.5271856,0.31333882,0.06618539,-0.004236818,0.006715491
1795,0.5370181,0.29743883,0.070190094,-0.004502535,0.006685084
1796,0.5467448,0.2817196,0.07281075,-0.004426066,0.006652484
1797,0.55634445,0.26621756,0.07443919,-0.004033933,0.006616868
1798,0.5658161,0.25093013,0.07543231,-0.003393605,0.006577697
1799,0.5751811,0.23580407,0.07605391,-0.002595353,0.006534678
1800,0.5844842,0.22074996,0.07644703,-0.001734526,0.006487729
1801,0.5937832,0.20567368,0.07663627,-0.000900009,0.006437102
1802,0.6030766,0.19057596,0.07654142,-0.000170849,0.006383722
1803,0.61241347,0.17539828,0.07600508,0.000399476,0.006328499
1804,0.62185574,0.16007003,0.07481699,0.000782332,0.006272289
1805,0.63144326,0.1445493,0.07275045,0.000975389,0.006216062
1806,0.6411819,0.12883452,0.06960124,0.00100092,0.006160775
1807,0.6510444,0.11295611,0.06522384,0.000900666,0.006107222
1808,0.6609841,0.09695558,0.05954785,0.000725732,0.0060559
1809,0.6709584,0.080870494,0.052570153,0.000524883,0.006006904
1810,0.680946,0.0647316,0.044333406,0.000336116,0.005959957
1811,0.69093984,0.048563037,0.034901615,0.000183344,0.005914587
1812,0.7009351,0.032380085,0.024338184,7.71363E-05,0.00587032
1813,0.50745237,0.37771654,0.029613605,-0.000801983,0.006721502
1814,0.5173828,0.36156675,0.04150286,-0.001560975,0.006694627
1815,0.5273188,0.34543377,0.05137279,-0.002356866,0.006665671
1816,0.53725237,0.32934573,0.059249695,-0.003058781,0.006635554
1817,0.5471557,0.31333902,0.06526033,-0.003563742,0.006604511
1818,0.5569897,0.2974575,0.06963173,-0.003805727,0.006572292
1819,0.5667173,0.28174892,0.07266567,-0.003761899,0.006538337
1820,0.5763141,0.26624963,0.07469338,-0.003452746,0.006502063
1821,0.5857761,0.25095814,0.076019645,-0.002933481,0.006463026
1822,0.5951279,0.23582298,0.076873615,-0.002278482,0.006420946
1823,0.6044198,0.2207583,0.07738408,-0.001566358,0.006375721
1824,0.6137125,0.20567472,0.077577546,-0.00087148,0.006327563
1825,0.6230085,0.19057351,0.07739086,-0.000260121,0.006277217
1826,0.63234985,0.1753973,0.076692626,0.00022196,0.006225371
1827,0.64179623,0.16007231,0.07530575,0.000551276,0.006172688
1828,0.6513884,0.14455411,0.07303638,0.000725453,0.006119927
1829,0.66113573,0.12883973,0.06970865,0.000762095,0.006067826
1830,0.67101115,0.112959586,0.065196075,0.000694682,0.006017032
1831,0.6809638,0.09695683,0.05943593,0.000564408,0.005967983
1832,0.69094616,0.08087065,0.05242237,0.000410673,0.005920795
1833,0.70093566,0.06473164,0.044187713,0.000264269,0.005875253
1834,0.7109284,0.048563033,0.034782417,0.000144767,0.005830966
1835,0.7209228,0.032380056,0.024257632,6.11435E-05,0.005787541
1836,0.52737904,0.37769535,0.02876552,-0.000664212,0.006622959
1837,0.5373199,0.36154756,0.040447142,-0.001298662,0.006593789
1838,0.5472628,0.34542257,0.050263442,-0.001969639,0.006562827
1839,0.55720013,0.32934585,0.058233995,-0.002567876,0.006530823
1840,0.56710565,0.31334817,0.064464025,-0.003005721,0.006498044
1841,0.5769427,0.29746968,0.06914264,-0.003225735,0.006464344
1842,0.5866738,0.28175998,0.0725225,-0.003206689,0.006429341
1843,0.5962706,0.26625845,0.07488451,-0.002964376,0.006392607
1844,0.60572773,0.2509647,0.07649095,-0.002543992,0.006353784
1845,0.61507195,0.2358272,0.07754276,-0.002006671,0.006312623
1846,0.6243571,0.22076125,0.078156106,-0.001417556,0.006268994
1847,0.63364637,0.20567927,0.0783588,-0.000838442,0.006223011
1848,0.6429444,0.1905803,0.078100346,-0.000325256,0.006175247
1849,0.65228975,0.17540792,0.077272154,8.36948E-05,0.006126244
1850,0.6617415,0.16008519,0.075723924,0.00036855,0.006076515
1851,0.67134184,0.1445651,0.07328842,0.00052664,0.006026619
1852,0.6811018,0.12884623,0.069813006,0.000571587,0.005977128
1853,0.6909917,0.112962164,0.0651876,0.000530121,0.005928585
1854,0.7009534,0.09695745,0.059356406,0.000435416,0.005881401
1855,0.7109377,0.08087149,0.05231153,0.000319277,0.005835705
1856,0.7209258,0.06473327,0.04407649,0.000206701,0.005791321
1857,0.730917,0.04856421,0.03469027,0.000113803,0.00574792
1858,0.74091053,0.032380354,0.024194518,4.82789E-05,0.005705189
1859,0.5473033,0.37768716,0.028052434,-0.000552475,0.006527201
1860,0.5572501,0.3615433,0.0395556,-0.00108489,0.006496036
1861,0.56719637,0.3454246,0.049322613,-0.001652473,0.006463348
1862,0.5771352,0.3293525,0.057369076,-0.002163723,0.006429777
1863,0.5870433,0.31335622,0.063780904,-0.002543991,0.006395584
1864,0.5968838,0.29747656,0.06871491,-0.002743435,0.006360718
1865,0.6066172,0.28176516,0.07238321,-0.002742773,0.006324931
1866,0.6162133,0.26626274,0.07502507,-0.002554069,0.006287911
1867,0.6256669,0.25096875,0.07686764,-0.002214105,0.006249369
1868,0.63500756,0.23583175,0.07808824,-0.001773179,0.006209059
1869,0.6442913,0.22076796,0.07879212,-0.001285261,0.006166828
1870,0.6535825,0.20568933,0.07900738,-0.000802029,0.006122686
1871,0.66288525,0.19059414,0.07869397,-0.00037022,0.006077097
1872,0.67223746,0.17542474,0.07776193,-2.20051E-05,0.006030479
1873,0.681698,0.16010186,0.076082796,0.000225599,0.005983193
1874,0.6913091,0.14457674,0.07351095,0.000369627,0.005935651
1875,0.70108026,0.12885031,0.0699129,0.000420421,0.005888302
1876,0.71098,0.112962544,0.06519338,0.000399175,0.005841612
1877,0.7209464,0.096958905,0.059302945,0.00033257,0.005795962
1878,0.7309288,0.08087457,0.05223081,0.00024628,0.005751493
1879,0.74091434,0.06473666,0.04399301,0.000160629,0.005708056
1880,0.75090486,0.048566375,0.03461976,8.89711E-05,0.005665379
1881,0.7608982,0.03238092,0.024145389,3.79435E-05,0.005623216
1882,0.567222,0.3776823,0.027455326,-0.000462254,0.006433717
1883,0.5771716,0.36154097,0.0388064,-0.000911177,0.006400894
1884,0.5871199,0.34542635,0.04852836,-0.001393081,0.00636679
1885,0.59706,0.329357,0.056634378,-0.001831121,0.006331957
1886,0.6069698,0.31336224,0.063194655,-0.002161781,0.006296654
1887,0.61681235,0.29748476,0.06833936,-0.002342056,0.0062609
1888,0.62654644,0.28177592,0.07224767,-0.002354685,0.006224547
1889,0.6361416,0.26627475,0.07512438,-0.002208712,0.006187375
1890,0.6455945,0.2509804,0.077166915,-0.001933943,0.006149137
1891,0.6549363,0.2358431,0.078532286,-0.001571771,0.006109588
1892,0.6642242,0.2207801,0.0793161,-0.001167081,0.006068538
1893,0.6735224,0.2057019,0.07954631,-0.000762955,0.006025942
1894,0.6828333,0.19060886,0.079191364,-0.000398545,0.005982171
1895,0.6921952,0.17544091,0.07817655,-0.000100945,0.005937525
1896,0.7016658,0.16011728,0.07639131,0.000115174,0.00589225
1897,0.71128553,0.14458865,0.073708065,0.000246643,0.005846644
1898,0.7210615,0.12885717,0.07000923,0.000301191,0.005801069
1899,0.7309626,0.112966605,0.06521151,0.000295481,0.005755916
1900,0.74093074,0.09696471,0.059271302,0.00025087,0.005711522
1901,0.7509146,0.080881715,0.05217496,0.000188131,0.005668043
1902,0.7609005,0.064741805,0.043931745,0.000123843,0.005625369
1903,0.770892,0.048568737,0.034566138,6.91033E-05,0.005583278
1904,0.78088576,0.032381468,0.02410729,2.96629E-05,0.005541581
1905,0.58713645,0.37767845,0.026953846,-0.000389246,0.006342131
1906,0.5970868,0.3615369,0.038176242,-0.000769679,0.00630798
1907,0.6070349,0.34542388,0.047857918,-0.001180465,0.006272759
1908,0.6169741,0.32935804,0.056009613,-0.001556802,0.006236951
1909,0.6268835,0.31336898,0.06268972,-0.001844701,0.00620081
1910,0.6367271,0.29749843,0.06800784,-0.002007263,0.006164399
1911,0.64646244,0.28179458,0.0721164,-0.002029155,0.006127651
1912,0.6560592,0.266294,0.07519109,-0.001917007,0.006090413
1913,0.66551554,0.2509972,0.07740366,-0.001694916,0.00605247
1914,0.6748636,0.23585719,0.07889357,-0.001397042,0.006013576
1915,0.6841598,0.22079259,0.07974803,-0.001060724,0.005973522
1916,0.6934677,0.20571333,0.079994634,-0.000721906,0.005932215
1917,0.70278895,0.19062242,0.07960884,-0.00041346,0.005889946
1918,0.7121615,0.1754585,0.07852865,-0.000158271,0.005846922
1919,0.7216415,0.16013953,0.07665859,3.09988E-05,0.005803298
1920,0.73126644,0.14461356,0.073885895,0.000151116,0.005759287
1921,0.7410418,0.12888132,0.07010562,0.000207713,0.005715177
1922,0.7509389,0.11298708,0.06524323,0.000213761,0.005671295
1923,0.76090664,0.096980795,0.05925925,0.000186248,0.00562793
1924,0.7708955,0.08089327,0.05213916,0.000141987,0.005585241
1925,0.7808858,0.06474816,0.043887906,9.45801E-05,0.005543174
1926,0.79087913,0.048570864,0.03452568,5.3277E-05,0.00550156
1927,0.8008733,0.032381788,0.02407783,2.30593E-05,0.005460247
1928,0.6070502,0.3776755,0.026530238,-0.00032984,0.006252174
1929,0.61700034,0.3615327,0.037642986,-0.000653799,0.006216983
1930,0.6269455,0.34542036,0.047288615,-0.001005314,0.006180913
1931,0.6368806,0.32935882,0.055475533,-0.00132957,0.006144384
1932,0.6467871,0.31337726,0.062253155,-0.001580678,0.006107634
1933,0.65663105,0.29751438,0.06771505,-0.001727036,0.006070755
1934,0.6663702,0.28181395,0.07199161,-0.001755053,0.006033736
1935,0.6759729,0.26631123,0.0752337,-0.001669486,0.005996483
1936,0.6854369,0.25100964,0.077590965,-0.001489879,0.005958809
1937,0.6947941,0.23586604,0.07918785,-0.001244481,0.005920473
1938,0.70410025,0.22080044,0.08010445,-0.000964396,0.005881253
1939,0.71341807,0.20572384,0.0803681,-0.000679659,0.005841017
1940,0.72275025,0.19063929,0.079960175,-0.000417864,0.005799982
1941,0.73213315,0.17548619,0.07882943,-0.000198387,0.005758287
1942,0.7416213,0.16017972,0.07689298,-3.21421E-05,0.005716012
1943,0.75125027,0.14466272,0.074049875,7.7664E-05,0.005673306
1944,0.761025,0.1289304,0.07020413,0.000134978,0.005630391
1945,0.7709186,0.113026716,0.065287106,0.000149742,0.005587544
1946,0.7808846,0.09700682,0.059262954,0.000135405,0.00554502
1947,0.79087687,0.080907114,0.052118357,0.00010557,0.005502974
1948,0.80087155,0.06475339,0.043856606,7.1429E-05,0.0054614
1949,0.8108665,0.04857212,0.034495194,4.07336E-05,0.005420177
1950,0.82086074,0.032381736,0.024055094,1.78205E-05,0.005379183
1951,0.6269642,0.37767395,0.026169874,-0.000281147,0.00616365
1952,0.6369146,0.36153027,0.037188385,-0.00055825,0.006127662
1953,0.6468553,0.34541824,0.04680205,-0.000860145,0.006090964
1954,0.6567831,0.32935944,0.055017307,-0.001140369,0.006053923
1955,0.6666859,0.3133826,0.061876036,-0.001359841,0.006016745
1956,0.6765311,0.2975233,0.06745857,-0.001491464,0.005979542
1957,0.6862764,0.28182232,0.07187661,-0.001523201,0.005942347
1958,0.6958882,0.2663155,0.075259976,-0.001458418,0.00590511
1959,0.7053622,0.25100976,0.07773977,-0.00131305,0.005867675
1960,0.7147291,0.23586537,0.07942798,-0.00111053,0.005829814
1961,0.7240447,0.220804,0.08039885,-0.000876799,0.00579129
1962,0.73337144,0.205737,0.0806797,-0.000636965,0.005751936
1963,0.74271405,0.19066457,0.08025682,-0.000414155,0.005711911
1964,0.75210685,0.17552759,0.079087794,-0.000224811,0.005671298
1965,0.76160276,0.16023651,0.07709978,-7.83501E-05,0.005630121
1966,0.77123654,0.14472839,0.07420086,2.20534E-05,0.00558847
1967,0.7810129,0.12899284,0.0703015,7.9005E-05,0.005546518
1968,0.7909058,0.11307362,0.065337166,0.000100018,0.005504503
1969,0.8008698,0.097034015,0.05927588,9.56835E-05,0.005462664
1970,0.81086224,0.08091908,0.05210734,7.70102E-05,0.005421152
1971,0.82085866,0.06475698,0.04383465,5.3228E-05,0.005379987
1972,0.83085406,0.048572414,0.034472354,3.08512E-05,0.005339088
1973,0.8408483,0.03238175,0.024037894,1.36856E-05,0.005298359
1974,0.64687747,0.37767357,0.025861679,-0.00024091,0.006076419
1975,0.6568286,0.3615297,0.03679888,-0.000478908,0.00603983
1976,0.66676646,0.34541735,0.04638445,-0.000739064,0.006002671
1977,0.67668766,0.32935834,0.05462347,-0.000981921,0.005965271
1978,0.6865866,0.3133809,0.06155114,-0.001174146,0.005927803
1979,0.6964347,0.29751968,0.067235745,-0.001292413,0.005890382
1980,0.70618695,0.28181514,0.07177295,-0.001326085,0.005853082
1981,0.71580756,0.26630473,0.07527505,-0.00127753,0.005815887
1982,0.7252904,0.25099865,0.07785803,-0.001159805,0.005778671
1983,0.73466593,0.23585926,0.07962384,-0.000992387,0.005741212
1984,0.74399006,0.22080863,0.080642074,-0.000796927,0.005703262
1985,0.7533252,0.20575589,0.08094009,-0.0005944,0.005664631
1986,0.76267767,0.190698,0.080507934,-0.000404193,0.005625427
1987,0.7720801,0.17557624,0.07931007,-0.000240294,0.00558569
1988,0.78158426,0.16029696,0.07728138,-0.00011089,0.005545397
1989,0.79122406,0.14479205,0.074336775,-1.91126E-05,0.005504593
1990,0.8010041,0.12904875,0.07039202,3.65834E-05,0.005463411
1991,0.8108978,0.11311258,0.065386556,6.18247E-05,0.005422065
1992,0.8208603,0.09705417,0.05929227,6.49251E-05,0.005380782
1993,0.8308507,0.08092655,0.052102283,5.47825E-05,0.005339713
1994,0.8408467,0.06475882,0.043819632,3.90131E-05,0.00529889
1995,0.85084176,0.048572563,0.034455836,2.31156E-05,0.005258261
1996,0.86083585,0.032381773,0.024025,1.0442E-05,0.005217751
1997,0.6667891,0.37767327,0.02559741,-0.000207384,0.005990363
1998,0.67674035,0.36152887,0.0364648,-0.000412568,0.005953333
1999,0.6866785,0.34541553,0.04602578,-0.000637462,0.005915835
2000,0.6965987,0.32935485,0.05428434,-0.000848445,0.005878172
2001,0.7064966,0.31337425,0.061270252,-0.001017064,0.005840505
2002,0.7163468,0.2975086,0.0670412,-0.001123242,0.005802949
2003,0.72610384,0.2818003,0.071678706,-0.001157582,0.0057656
2004,0.7357299,0.26628903,0.0752806,-0.001121718,0.005728473
2005,0.7452187,0.25098684,0.07795071,-0.001026367,0.005691459
2006,0.75460124,0.23585686,0.07978285,-0.000887733,0.005654338
2007,0.76393366,0.22081964,0.08084291,-0.000723887,0.005616858
2008,0.7732776,0.20578022,0.08115801,-0.000552353,0.005578812
2009,0.78264,0.19073418,0.0807208,-0.000389439,0.005540269
2010,0.79205227,0.17562206,0.07950092,-0.000247089,0.005501233
2011,0.8015652,0.16034758,0.07743922,-0.000132483,0.005461646
2012,0.811212,0.14484046,0.07445622,-4.86866E-05,0.005421517
2013,0.8209965,0.12908721,0.07047243,5.05478E-06,0.005380952
2014,0.8308915,0.11313678,0.0654316,3.29024E-05,0.005340145
2015,0.8408523,0.097065076,0.059309293,4.13747E-05,0.005299316
2016,0.85084033,0.080929704,0.0521012,3.76461E-05,0.005258611
2017,0.8608349,0.06475946,0.043809984,2.80048E-05,0.005218072
2018,0.8708295,0.048572633,0.03444422,1.71055E-05,0.005177665
2019,0.8808234,0.03238178,0.024015445,7.91628E-06,0.005137338
2020,0.6866993,0.3776724,0.025370287,-0.000179214,0.005905373
2021,0.6966489,0.3615266,0.03617799,-0.0003567,0.005868027
2022,0.7065887,0.34541118,0.04571775,-0.000551674,0.005830287
2023,0.7165132,0.32934865,0.05399197,-0.00073537,0.005792429
2024,0.72641474,0.31336635,0.061025873,-0.000883449,0.005754618
2025,0.7362667,0.29749885,0.06686876,-0.000978666,0.005716983
2026,0.7460245,0.28179,0.07159045,-0.001012766,0.005679631
2027,0.75565165,0.26628125,0.07527668,-0.000986818,0.00564259
2028,0.7651438,0.25098526,0.078021206,-0.000909602,0.005605756
2029,0.7745329,0.23586473,0.07991102,-0.000794586,0.005568916
2030,0.78387445,0.22083792,0.081008665,-0.000656863,0.005531812
2031,0.7932285,0.2058067,0.08134062,-0.000511112,0.00549423
2032,0.8026013,0.19076708,0.08090131,-0.000371118,0.005456212
2033,0.812024,0.17565817,0.07966435,-0.000247118,0.005417732
2034,0.82154596,0.16038288,0.077575386,-0.000145446,0.005378706
2035,0.8311998,0.14487055,0.07455983,-6.90654E-05,0.005339115
2036,0.84098864,0.12910856,0.07054276,-1.77925E-05,0.005299044
2037,0.85088456,0.113148324,0.065472,1.1403E-05,0.005258674
2038,0.8608438,0.09706915,0.05932642,2.36076E-05,0.005218213
2039,0.87082964,0.080930285,0.052103274,2.46002E-05,0.005177806
2040,0.88082296,0.06475948,0.04380452,1.95735E-05,0.005137499
2041,0.8908171,0.048572663,0.034436353,1.24839E-05,0.005097276
2042,0.9008109,0.032381784,0.02400846,5.96946E-06,0.0050571
2043,0.70660883,0.37767148,0.025174135,-0.000155353,0.005821343
2044,0.7165558,0.36152408,0.03593038,-0.000309307,0.005783775
2045,0.72649676,0.34540695,0.045451242,-0.000478738,0.00574587
2046,0.736427,0.32934302,0.053737998,-0.000638979,0.005707874
2047,0.7463337,0.31336066,0.060811516,-0.000769171,0.005669967
2048,0.7561868,0.29749498,0.06671407,-0.000854489,0.005632292
2049,0.7659428,0.28179002,0.07150627,-0.000887703,0.005594963
2050,0.7755691,0.2662867,0.07526417,-0.000869451,0.005558009
2051,0.7850643,0.25099665,0.07807307,-0.000806912,0.005521328
2052,0.79446095,0.23588187,0.08001383,-0.000711277,0.005484708
2053,0.8038132,0.22085983,0.08114553,-0.000595173,0.005447897
2054,0.8131789,0.20583121,0.08149384,-0.000470942,0.005410675
2055,0.8225629,0.19079293,0.081054434,-0.000350288,0.005373068
2056,0.8319961,0.17568287,0.07980413,-0.000242014,0.005335025
2057,0.84152687,0.16040409,0.07769263,-0.000151718,0.005296442
2058,0.85118717,0.14488633,0.07464967,-8.22259E-05,0.00525728
2059,0.86097956,0.12911811,0.07060456,-3.37674E-05,0.005217607
2060,0.8708761,0.11315235,0.0655088,-4.18513E-06,0.005177589
2061,0.880834,0.09706979,0.05934388,1.04645E-05,0.005137427
2062,0.8908183,0.08092993,0.052107994,1.48312E-05,0.00509726
2063,0.9008107,0.06475932,0.043802287,1.32106E-05,0.005057143
2064,0.9108047,0.048572674,0.03443131,8.97882E-06,0.005017071
2065,0.9207984,0.032381788,0.024003427,4.48875E-06,0.004977022
2066,0.72651887,0.3776712,0.025003755,-0.000135002,0.005738172
2067,0.7364639,0.3615231,0.0357149,-0.000268827,0.005700447
2068,0.7464059,0.34540603,0.04521826,-0.000416332,0.005662431
2069,0.7563405,0.3293433,0.053514175,-0.000556305,0.005624349
2070,0.7662497,0.313363,0.060620498,-0.000670869,0.005586389
2071,0.7761009,0.29750088,0.06657332,-0.000747277,0.005548708
2072,0.7858538,0.28180107,0.07142549,-0.000779169,0.005511416
2073,0.7954802,0.26630297,0.075245105,-0.000766847,0.005474536
2074,0.80498075,0.25101632,0.078110285,-0.00071617,0.005437969
2075,0.8143875,0.23590267,0.080096245,-0.000636451,0.005401512
2076,0.8237521,0.2208804,0.08125876,-0.00053829,0.00536492
2077,0.8331303,0.20585072,0.081622556,-0.0004321,0.005327972
2078,0.84252554,0.19081067,0.08118439,-0.000327848,0.005290682
2079,0.8519688,0.17569765,0.07992373,-0.000233121,0.00525298
2080,0.86150765,0.16041508,0.07779376,-0.000152874,0.005214746
2081,0.8711736,0.14489324,0.074728034,-8.97719E-05,0.005175926
2082,0.880969,0.12912135,0.07065955,-4.43385E-05,0.00513657
2083,0.890866,0.113153,0.06554294,-1.50938E-05,0.005096837
2084,0.90082306,0.09706934,0.059361733,9.97934E-07,0.005056914
2085,0.9108064,0.080929495,0.052114736,7.67518E-06,0.005016941
2086,0.9207984,0.0647592,0.04380245,8.50079E-06,0.004976978
2087,0.9307922,0.048572678,0.034428343,6.36748E-06,0.004937031
2088,0.94078594,0.032381788,0.023999851,3.38128E-06,0.004897088
2089,0.7464305,0.37767157,0.024855278,-0.000117533,0.005655771
2090,0.75637543,0.36152387,0.035526555,-0.000234047,0.005617926
2091,0.7663182,0.34540808,0.04501382,-0.000362646,0.005579838
2092,0.7762546,0.32934886,0.053316113,-0.000485054,0.00554171
2093,0.786163,0.3133741,0.060448825,-0.00058591,0.005503733
2094,0.79600936,0.2975175,0.06644401,-0.000654259,0.005466068
2095,0.80575866,0.2818219,0.071348004,-0.000684524,0.005428815
2096,0.8153874,0.2663257,0.07522168,-0.000676724,0.005391988
2097,0.82489663,0.25103807,0.078136496,-0.000635636,0.005355496
2098,0.8343156,0.23592162,0.080162525,-0.000569022,0.005319151
2099,0.84369326,0.22089614,0.08135264,-0.000485805,0.005282718
2100,0.8530836,0.20586355,0.08173083,-0.000394804,0.005245976
2101,0.86248946,0.19082065,0.08129475,-0.000304522,0.005208928
2102,0.8719419,0.17570485,0.08002618,-0.00022152,0.005171491
2103,0.881488,0.16041972,0.0778813,-0.000150178,0.005133531
2104,0.891159,0.14489558,0.074796855,-9.29955E-05,0.005094979
2105,0.900957,0.12912191,0.07070896,-5.06971E-05,0.005055876
2106,0.9108546,0.11315263,0.06557487,-2.23264E-05,0.005016368
2107,0.9208113,0.09706882,0.059379727,-5.56624E-06,0.004976637
2108,0.93079424,0.08092922,0.052122824,2.58879E-06,0.00493682
2109,0.940786,0.06475914,0.043804277,5.10321E-06,0.004896983
2110,0.95077974,0.04857268,0.03442686,4.4662E-06,0.00485714
2111,0.96077347,0.032381788,0.023997338,2.57017E-06,0.004817286
2112,0.7663438,0.37767226,0.024725761,-0.000102453,0.005574054
2113,0.7762905,0.3615255,0.035361957,-0.000204007,0.005536116
2114,0.7862333,0.3454109,0.04483497,-0.00031624,0.005497984
2115,0.7961677,0.329355,0.053142253,-0.000423391,0.005459842
2116,0.8060727,0.31338695,0.060296454,-0.000512216,0.00542187
2117,0.81591547,0.2975381,0.06632669,-0.000573263,0.005384224
2118,0.8256638,0.28184655,0.07127514,-0.000601663,0.005346995
2119,0.83529747,0.26634946,0.07519614,-0.000597254,0.005310197
2120,0.8448168,0.25105736,0.07815468,-0.000563908,0.005273748
2121,0.85424817,0.23593523,0.08021607,-0.000508109,0.005237477
2122,0.863638,0.22090502,0.081430696,-0.000437383,0.005201158
2123,0.87303907,0.20586915,0.081822,-0.000359218,0.005164569
2124,0.8824545,0.19082387,0.08138855,-0.000280887,0.005127704
2125,0.89191514,0.1757067,0.08011408,-0.00020807,0.00509047
2126,0.9014678,0.16042076,0.07795732,-0.000144646,0.005052722
2127,0.9111434,0.14489593,0.0748576,-9.29385E-05,0.00501438
2128,0.9209439,0.12912168,0.07075358,-5.38088E-05,0.004975475
2129,0.9308424,0.11315218,0.06560469,-2.66995E-05,0.004936145
2130,0.9407991,0.09706849,0.05939745,-9.85966E-06,0.004896565
2131,0.9507818,0.08092909,0.052131627,-8.72366E-07,0.004856875
2132,0.9607735,0.06475912,0.043807168,2.73792E-06,0.00481714
2133,0.97076726,0.04857268,0.0344264,3.12362E-06,0.004777383
2134,0.980761,0.032381788,0.023995578,1.9919E-06,0.004737605
2135,0.7862579,0.37767267,0.02461302,-8.93725E-05,0.005492948
2136,0.7962074,0.3615268,0.03521854,-0.000177949,0.005454935
2137,0.8061501,0.34541318,0.044678926,-0.000275953,0.005416775
2138,0.8160799,0.32935914,0.052990567,-0.000369796,0.00537864
2139,0.8259803,0.3133957,0.060163237,-0.000448043,0.005340684
2140,0.83582187,0.29755336,0.06622313,-0.000502506,0.005303047
2141,0.8455734,0.2818658,0.07120923,-0.000528908,0.005265822
2142,0.8552143,0.2663668,0.07517102,-0.000526977,0.005229029
2143,0.86474365,0.251069,0.07816754,-0.000499868,0.0051926
2144,0.87418586,0.23594064,0.08025971,-0.000453001,0.005156374
2145,0.8835861,0.22090593,0.08149577,-0.000392743,0.005120134
2146,0.89299655,0.20586793,0.08189887,-0.000325464,0.005083655
2147,0.9024206,0.19082186,0.08146834,-0.000257394,0.005046926
2148,0.91188854,0.17570525,0.08018963,-0.000193458,0.005009844
2149,0.9214472,0.16042012,0.0780235,-0.00013709,0.004972257
2150,0.9311272,0.1448956,0.07491135,-9.04415E-05,0.004934075
2151,0.94093025,0.12912135,0.070793875,-5.44553E-05,0.004895324
2152,0.9508298,0.11315189,0.06563234,-2.8876E-05,0.004856132
2153,0.9607867,0.09706833,0.059414525,-1.23964E-05,0.004816674
2154,0.9707694,0.08092904,0.05214065,-3.07112E-06,0.004777084
2155,0.98076105,0.06475911,0.04381066,1.17581E-06,0.004737434
2156,0.9907548,0.04857268,0.034426592,2.2156E-06,0.004697749
2157,1.0007485,0.032381788,0.02399433,1.59439E-06,0.004658035
2158,0.80617183,0.37767228,0.024515213,-7.79783E-05,0.005412383
2159,0.81612384,0.36152658,0.035094254,-0.000155264,0.00537431
2160,0.82606655,0.34541428,0.04454307,-0.000240862,0.005336131
2161,0.8359926,0.3293622,0.05285786,-0.000323045,0.005298005
2162,0.84588945,0.31340116,0.060046706,-0.000391948,0.005260062
2163,0.85573167,0.29756096,0.066132896,-0.000440468,0.005222425
2164,0.8654882,0.28187358,0.0711518,-0.000464835,0.005185189
2165,0.87513673,0.2663714,0.07514853,-0.000464679,0.005148385
2166,0.8846753,0.25106812,0.07817742,-0.000442586,0.005111957
2167,0.89412725,0.23593526,0.08029577,-0.000403109,0.005075753
2168,0.90353686,0.22089875,0.08155022,-0.000351649,0.005039561
2169,0.9129558,0.20586136,0.08196374,-0.000293633,0.005003156
2170,0.9223876,0.19081666,0.081536315,-0.000234403,0.004966523
2171,0.9318622,0.17570232,0.080254726,-0.000178233,0.004929552
2172,0.94142634,0.16041894,0.07808126,-0.000128164,0.004892083
2173,0.9511105,0.1448952,0.07495892,-8.61808E-05,0.004854022
2174,0.9609162,0.12912112,0.07083015,-5.32676E-05,0.004815387
2175,0.97081697,0.113151744,0.06565777,-2.93925E-05,0.004776304
2176,0.9807742,0.097068265,0.05943065,-1.35936E-05,0.00473694
2177,0.9907569,0.08092902,0.052149523,-4.30259E-06,0.004697432
2178,1.0007486,0.06475911,0.043814406,2.30226E-07,0.00465785
2179,1.0107423,0.04857268,0.034427166,1.641E-06,0.004618226
2180,1.0207361,0.032381788,0.023993406,1.33522E-06,0.004578568
2181,0.8260849,0.37767166,0.024430107,-6.80173E-05,0.005332293
2182,0.83603776,0.36152565,0.034986228,-0.000135441,0.005294177
2183,0.84597963,0.3454142,0.044424906,-0.000210201,0.005255985
2184,0.8559033,0.32936382,0.05274202,-0.000282154,0.005217865
2185,0.86579865,0.31340328,0.05994508,-0.000342782,0.005179925
2186,0.87564284,0.29756096,0.06605491,-0.000385928,0.005142277
2187,0.8854049,0.28186893,0.07110292,-0.000408254,0.005105017
2188,0.89506155,0.26636127,0.07512968,-0.000409331,0.005068188
2189,0.9046096,0.25105402,0.07818568,-0.000391276,0.005031741
2190,0.91407126,0.23592019,0.08032584,-0.000357932,0.004995536
2191,0.92348987,0.22088568,0.08159583,-0.000313892,0.004959365
2192,0.93291664,0.20585196,0.082018554,-0.000263783,0.004923006
2193,0.94235533,0.19081043,0.08159435,-0.000212189,0.004886436
2194,0.9518359,0.17569926,0.08031093,-0.000162826,0.004849543
2195,0.9614052,0.16041787,0.07813171,-0.000118387,0.004812159
2196,0.9710936,0.1448949,0.075001,-8.06972E-05,0.004774185
2197,0.980902,0.129121,0.07086267,-5.07524E-05,0.004735637
2198,0.9908041,0.11315167,0.06568094,-2.86813E-05,0.004696635
2199,1.0007617,0.097068235,0.059445634,-1.37884E-05,0.004657346
2200,1.0107445,0.08092902,0.052157987,-4.80574E-06,0.004617903
2201,1.0207361,0.06475911,0.043818153,-2.50086E-07,0.004578379
2202,1.0307299,0.04857268,0.03442791,1.31784E-06,0.004538806
2203,1.0407236,0.032381788,0.023992667,1.18005E-06,0.004499195
2204,0.84599674,0.37767163,0.024355501,-5.92865E-05,0.005252618
2205,0.8559485,0.36152586,0.03489134,-0.000118066,0.00521447
2206,0.8658881,0.34541434,0.04432147,-0.000183319,0.005176273
2207,0.87580955,0.32936284,0.052641634,-0.000246289,0.005138155
2208,0.88570464,0.31339923,0.059858005,-0.0002996,0.00510021
2209,0.895552,0.29755104,0.06598906,-0.000337891,0.005062539
2210,0.9053215,0.28185204,0.07106227,-0.000358205,0.00502524
2211,0.91498846,0.2663392,0.07511424,-0.000360082,0.004988364
2212,0.9245474,0.25103074,0.0781926,-0.000345275,0.00495188
2213,0.93401873,0.23589982,0.0803508,-0.000317039,0.004915655
2214,0.94344527,0.22087058,0.08163398,-0.000279277,0.004879487
2215,0.95287853,0.20584245,0.08206491,-0.000235938,0.004843151
2216,0.9623232,0.19080497,0.08164402,-0.000190956,0.00480662
2217,0.97180927,0.17569691,0.08035956,-0.000147569,0.004769776
2218,0.98138386,0.16041714,0.078175806,-0.000108166,0.004732448
2219,0.9910765,0.14489472,0.07503815,-7.442E-05,0.004694533
2220,1.0008878,0.12912095,0.07089171,-4.73143E-05,0.004656047
2221,1.0107912,0.11315164,0.06570188,-2.70889E-05,0.004617108
2222,1.0207492,0.09706822,0.05945936,-1.32516E-05,0.004577877
2223,1.030732,0.08092901,0.052165862,-4.773E-06,0.004538486
2224,1.0407237,0.06475911,0.043821715,-3.86986E-07,0.004499009
2225,1.0507174,0.04857268,0.034428675,1.18015E-06,0.004459479
2226,1.0607111,0.032381788,0.023992011,1.10128E-06,0.00441991
2227,0.8659072,0.37767214,0.024290096,-5.16158E-05,0.005173301
2228,0.8758565,0.3615268,0.034808073,-0.000102806,0.00513513
2229,0.8857929,0.34541476,0.04423094,-0.000159707,0.00509693
2230,0.89571166,0.32935938,0.052554905,-0.000214768,0.005058812
2231,0.90560746,0.31338876,0.059784196,-0.0002616,0.005020852
2232,0.91546106,0.2975326,0.06593398,-0.000295501,0.00498314
2233,0.92524153,0.2818268,0.07102844,-0.000313857,0.004945781
2234,0.934921,0.26631117,0.075101145,-0.00031621,0.004908841
2235,0.94449085,0.251005,0.07819782,-0.000304022,0.004872306
2236,0.9539701,0.23587984,0.08037113,-0.000280052,0.004836052
2237,0.9634023,0.22085738,0.08166575,-0.000247618,0.004799876
2238,0.97284025,0.20583501,0.08210416,-0.000210087,0.004763549
2239,0.9822902,0.1908013,0.081686616,-0.000170842,0.004727035
2240,0.9917819,0.17569555,0.08040169,-0.000132713,0.004690216
2241,1.0013621,0.16041677,0.078214325,-9.78167E-05,0.004652919
2242,1.0110594,0.14489463,0.07507086,-6.76865E-05,0.004615041
2243,1.0208734,0.1291209,0.0709175,-4.32738E-05,0.004576598
2244,1.0307782,0.11315162,0.065720655,-2.48915E-05,0.004537704
2245,1.0407367,0.09706821,0.059471767,-1.22E-05,0.004498519
2246,1.0507195,0.08092901,0.052173033,-4.35837E-06,0.004459171
2247,1.0607111,0.06475911,0.043824963,-2.78003E-07,0.004419732
2248,1.0707049,0.04857268,0.034429345,1.17515E-06,0.00438024
2249,1.0806986,0.032381788,0.023991361,1.07688E-06,0.004340706
2250,0.88581747,0.3776727,0.024233067,-4.48646E-05,0.005094288
2251,0.89576405,0.36152777,0.034735393,-8.93822E-05,0.005056094
2252,0.90569645,0.34541437,0.044152267,-0.000138946,0.005017891
2253,0.9156128,0.3293541,0.052480012,-0.000187039,0.004979767
2254,0.9255113,0.31337506,0.05972111,-0.000228105,0.004941779
2255,0.9353753,0.297511,0.06588696,-0.000258035,0.004904006
2256,0.9451698,0.2818006,0.07099898,-0.000274506,0.004866568
2257,0.95486176,0.26628506,0.075088754,-0.000277098,0.004829558
2258,0.96443945,0.2509833,0.07820082,-0.000267031,0.004792972
2259,0.973923,0.23586479,0.08038718,-0.000246637,0.004756689
2260,0.98335856,0.22084862,0.08169206,-0.000218732,0.004720497
2261,0.9928003,0.2058308,0.08213741,-0.000186194,0.004684164
2262,1.0022557,0.19079973,0.0817232,-0.000151937,0.004647649
2263,1.0117536,0.17569517,0.0804382,-0.000118438,0.004610835
2264,1.02134,0.1604167,0.078247935,-8.75804E-05,0.004573548
2265,1.0310421,0.14489461,0.07509959,-6.07594E-05,0.004535689
2266,1.0408592,0.12912089,0.070940316,-3.88832E-05,0.004497272
2267,1.0507652,0.11315161,0.06573735,-2.23073E-05,0.004458412
2268,1.0607241,0.097068205,0.05948285,-1.08051E-05,0.004419261
2269,1.0707071,0.08092901,0.05217943,-3.68417E-06,0.004379946
2270,1.0806987,0.06475911,0.043827817,-6.17292E-10,0.004340541
2271,1.0906924,0.04857268,0.03442985,1.26097E-06,0.00430108
2272,1.1006862,0.032381788,0.023990668,1.08944E-06,0.004261579
2273,0.90572846,0.37767363,0.024183197,-3.89247E-05,0.00501553
2274,0.9156736,0.3615301,0.03467118,-7.75726E-05,0.004977307
2275,0.9256032,0.34541598,0.04408252,-0.000120664,0.004939093
2276,0.93551785,0.32934925,0.052414533,-0.000162608,0.004900956
2277,0.9454228,0.31336322,0.059665527,-0.000198542,0.004862922
2278,0.9552991,0.29749253,0.06584508,-0.00022487,0.004825075
2279,0.9651069,0.28177997,0.0709717,-0.000239571,0.004787557
2280,0.97480726,0.26626655,0.075075865,-0.000242233,0.004750482
2281,0.98438835,0.2509699,0.07820131,-0.000233883,0.004713852
2282,0.99387354,0.23585702,0.08039942,-0.000216486,0.004677539
2283,1.0033115,0.22084522,0.081713736,-0.000192437,0.004641323
2284,1.0127577,0.20582992,0.08216559,-0.000164197,0.004604969
2285,1.0222191,0.19080003,0.08175464,-0.000134288,0.004568436
2286,1.0317242,0.17569557,0.08046982,-0.000104877,0.004531607
2287,1.0413176,0.16041687,0.07827721,-7.76387E-05,0.004494313
2288,1.0510248,0.14489461,0.07512474,-5.38409E-05,0.004456458
2289,1.0608449,0.12912087,0.07096038,-3.43387E-05,0.004418057
2290,1.0707523,0.113151595,0.0657521,-1.95074E-05,0.004379218
2291,1.0807115,0.097068205,0.059492633,-9.20223E-06,0.004340093
2292,1.0906945,0.08092901,0.052185025,-2.84678E-06,0.004300805
2293,1.1006862,0.06475911,0.043830227,3.84142E-07,0.004261427
2294,1.11068,0.04857268,0.03443014,1.40471E-06,0.004221994
2295,1.1206737,0.032381788,0.0239899,1.12529E-06,0.004182522
2296,0.92563957,0.37767515,0.024139406,-3.37098E-05,0.004936985
2297,0.9355849,0.36153424,0.034614045,-6.72026E-05,0.004898727
2298,0.94551575,0.3454221,0.044019144,-0.000104585,0.004860484
2299,0.9554334,0.32935202,0.05235386,-0.000141038,0.004822313
2300,0.96534586,0.31335843,0.059614334,-0.000172406,0.004784225
2301,0.9752335,0.2974841,0.06580523,-0.000195497,0.004746304
2302,0.98504853,0.28176984,0.07094483,-0.000208538,0.004708721
2303,0.99475116,0.26625863,0.075061835,-0.000211159,0.004671598
2304,1.0043321,0.25096592,0.07819944,-0.000204197,0.004634931
2305,1.0138183,0.23585653,0.08040842,-0.000189317,0.004598582
2306,1.02326,0.22084661,0.081731535,-0.000168556,0.004562328
2307,1.0327121,0.20583175,0.08218947,-0.000144027,0.004525936
2308,1.0421807,0.19080165,0.08178164,-0.000117915,0.004489369
2309,1.0516939,0.17569645,0.08049717,-9.21189E-05,0.004452511
2310,1.0612947,0.16041715,0.078302644,-6.81257E-05,0.004415196
2311,1.0710074,0.14489464,0.07514669,-4.70842E-05,0.004377333
2312,1.0808306,0.12912086,0.07097793,-2.97911E-05,0.004338936
2313,1.0907393,0.11315159,0.065765,-1.66244E-05,0.004300112
2314,1.100699,0.0970682,0.059501152,-7.49652E-06,0.004261006
2315,1.1106821,0.080929,0.05218982,-1.92137E-06,0.004221741
2316,1.1206738,0.06475911,0.043832164,8.28713E-07,0.004182386
2317,1.1306674,0.04857268,0.03443019,1.58079E-06,0.004142977
2318,1.1406612,0.032381788,0.023989035,1.17388E-06,0.004103531
2319,0.94555044,0.37767634,0.02410154,-2.91343E-05,0.00485862
2320,0.9554965,0.36153755,0.03456466,-5.81056E-05,0.004820324
2321,0.96543217,0.34542838,0.043963503,-9.04725E-05,0.004782036
2322,0.9753586,0.3293617,0.052297384,-0.000122055,0.004743809
2323,0.9852788,0.31336594,0.059564542,-0.000149289,0.004705661
2324,0.9951708,0.2974867,0.06576652,-0.000169469,0.004667686
2325,1.0049866,0.28177154,0.07091773,-0.00018098,0.004630058
2326,1.0146873,0.26626122,0.07504665,-0.000183466,0.004592896
2327,1.0242676,0.2509702,0.07819566,-0.000177629,0.004556189
2328,1.0337565,0.2358617,0.08041483,-0.000164869,0.004519792
2329,1.0432043,0.22085132,0.081746146,-0.000146922,0.004483484
2330,1.0526645,0.20583525,0.082209714,-0.000125606,0.004447039
2331,1.0621414,0.19080393,0.08180481,-0.000102817,0.004410425
2332,1.0716634,0.17569749,0.08052077,-8.02202E-05,0.004373526
2333,1.0812716,0.16041744,0.07832468,-5.91366E-05,0.004336181
2334,1.09099,0.14489467,0.07516576,-4.0603E-05,0.004298302
2335,1.1008162,0.12912084,0.070993215,-2.53548E-05,0.004259902
2336,1.1107264,0.11315157,0.0657762,-1.37599E-05,0.004221086
2337,1.1206864,0.09706819,0.059508476,-5.76889E-06,0.004181994
2338,1.1306696,0.080929,0.05219383,-9.65798E-07,0.004142746
2339,1.1406612,0.06475911,0.043833636,1.29656E-06,0.004103411
2340,1.150655,0.04857268,0.034429997,1.76965E-06,0.004064024
2341,1.1606487,0.032381788,0.02398807,1.2272E-06,0.004024601
2342,0.96546173,0.37767625,0.024069566,-2.51105E-05,0.004780402
2343,0.97540826,0.36153752,0.03452368,-5.01083E-05,0.004742067
2344,0.98534805,0.3454296,0.043917555,-7.80619E-05,0.004703736
2345,0.995282,0.329367,0.052249826,-0.00010537,0.004665452
2346,1.0052081,0.31337565,0.059519745,-0.000128941,0.004627248
2347,1.0151005,0.29749656,0.065729804,-0.000146451,0.00458923
2348,1.0249139,0.28178042,0.07089148,-0.00015653,0.004551564
2349,1.0346133,0.2662708,0.07503114,-0.000158823,0.004514361
2350,1.0441955,0.25097993,0.07819069,-0.000153892,0.004477602
2351,1.0536901,0.23587012,0.08041933,-0.000142918,0.004441142
2352,1.0631464,0.22085758,0.08175817,-0.000127383,0.004404766
2353,1.0726161,0.20583926,0.08222688,-0.000108852,0.004368254
2354,1.0821022,0.1908062,0.08182465,-8.89753E-05,0.004331583
2355,1.0916331,0.17569841,0.0805411,-6.92119E-05,0.004294635
2356,1.101249,0.16041766,0.07834373,-5.07356E-05,0.004257254
2357,1.1109725,0.14489467,0.07518227,-3.4479E-05,0.004219353
2358,1.1208019,0.12912083,0.07100642,-2.11142E-05,0.004180945
2359,1.1307133,0.113151565,0.065785825,-1.099E-05,0.004142131
2360,1.1406739,0.09706819,0.059514683,-4.08044E-06,0.004103049
2361,1.1506572,0.080929,0.052197095,-2.37784E-08,0.004063815
2362,1.1606488,0.06475911,0.043834653,1.76017E-06,0.004024497
2363,1.1706425,0.04857268,0.03442956,1.95669E-06,0.003985129
2364,1.1806363,0.032381788,0.023987,1.27933E-06,0.003945728
2365,0.98537385,0.3776753,0.024042591,-2.15678E-05,0.004702303
2366,0.99532056,0.36153504,0.034489766,-4.30672E-05,0.00466393
2367,1.0052614,0.34542653,0.043880075,-6.71358E-05,0.004625563
2368,1.0151974,0.32936558,0.05221149,-9.0676E-05,0.004587238
2369,1.0251249,0.3133783,0.059483226,-0.000111027,0.004548991
2370,1.0350175,0.2975045,0.065697916,-0.000126165,0.004510931
2371,1.0448308,0.28179213,0.07086714,-0.000134908,0.00447322
2372,1.054532,0.26628378,0.0750161,-0.000136947,0.004435962
2373,1.0641192,0.25099182,0.07818527,-0.000132736,0.004399135
2374,1.0736219,0.23587938,0.08042253,-0.000123264,0.0043626
2375,1.083088,0.22086371,0.081768155,-0.000109794,0.004326145
2376,1.0925682,0.2058427,0.082241446,-9.3679E-05,0.00428956
2377,1.102064,0.19080783,0.08184161,-7.63561E-05,0.004252825
2378,1.1116037,0.17569894,0.08055852,-5.91035E-05,0.004215824
2379,1.1212267,0.16041775,0.0783601,-4.29627E-05,0.004178403
2380,1.1309552,0.14489467,0.07519648,-2.87687E-05,0.004140476
2381,1.1407876,0.1291208,0.07101776,-1.71303E-05,0.004102056
2382,1.1507004,0.11315155,0.06579402,-8.37054E-06,0.004063241
2383,1.1606613,0.09706818,0.05951985,-2.47608E-06,0.004024165
2384,1.1706446,0.080929,0.05219966,8.72601E-07,0.003984943
2385,1.1806363,0.06475911,0.04383524,2.19949E-06,0.00394564
2386,1.1906301,0.04857268,0.034428895,2.13135E-06,0.00390629
2387,1.2006238,0.032381788,0.023985837,1.32607E-06,0.003866908
2388,1.005286,0.37767455,0.02401937,-1.84574E-05,0.0046243
2389,1.0152326,0.36153278,0.03446065,-3.68821E-05,0.00458589
2390,1.0251733,0.34542307,0.043848164,-5.75355E-05,0.004547488
2391,1.0351096,0.32936352,0.052178703,-7.77536E-05,0.004509128
2392,1.0450372,0.31338042,0.059451587,-9.5244E-05,0.004470844
2393,1.0549295,0.29751238,0.06566977,-0.00010827,0.004432744
2394,1.0647435,0.2818047,0.07084505,-0.000115801,0.004394983
2395,1.074448,0.2662974,0.075002186,-0.000117561,0.004357663
2396,1.084042,0.25100338,0.078179985,-0.000113919,0.00432076
2397,1.0935541,0.23588741,0.08042495,-0.000105707,0.00428414
2398,1.1030312,0.2208684,0.08177653,-9.40084E-05,0.004247601
2399,1.1125218,0.20584491,0.08225381,-7.99933E-05,0.004210939
2400,1.1220272,0.19080852,0.081856064,-6.49141E-05,0.004174137
2401,1.1315752,0.17569901,0.080573425,-4.98892E-05,0.004137081
2402,1.1412048,0.16041772,0.07837414,-3.58397E-05,0.004099619
2403,1.150938,0.14489464,0.07520866,-2.35093E-05,0.004061664
2404,1.1607734,0.12912078,0.07102742,-1.3445E-05,0.004023229
2405,1.1706874,0.11315154,0.065800905,-5.9404E-06,0.003984409
2406,1.1806488,0.097068176,0.059524067,-9.87395E-07,0.003945338
2407,1.1906322,0.080929,0.052201584,1.70082E-06,0.003906125
2408,1.2006239,0.06475911,0.04383543,2.60054E-06,0.003866835
2409,1.2106175,0.04857268,0.034428015,2.2864E-06,0.0038275
2410,1.2206113,0.032381788,0.023984589,1.36461E-06,0.003788137
2411,1.0251976,0.3776743,0.023999184,-1.57365E-05,0.004546373
2412,1.0351437,0.3615318,0.034435064,-3.1464E-05,0.004507926
2413,1.0450845,0.34542146,0.04381996,-4.91104E-05,0.004469492
2414,1.0550218,0.32936352,0.05214958,-6.63971E-05,0.004431094
2415,1.0649492,0.3133849,0.059423096,-8.13514E-05,0.004392774
2416,1.07484,0.29752168,0.06564442,-9.24917E-05,0.004354637
2417,1.0846545,0.28181678,0.07082542,-9.89311E-05,0.004316825
2418,1.0943636,0.26630914,0.074989915,-0.000100405,0.004279435
2419,1.103966,0.2510121,0.07817538,-9.72114E-05,0.004242449
2420,1.1134887,0.23589256,0.080427,-9.00607E-05,0.004205741
2421,1.1229767,0.22087087,0.08178364,-7.98855E-05,0.004169116
2422,1.1324772,0.20584585,0.082264304,-6.77015E-05,0.004132377
2423,1.1419915,0.19080853,0.081868365,-5.4599E-05,0.00409551
2424,1.1515474,0.17569886,0.08058615,-4.15527E-05,0.004058399
2425,1.1611831,0.16041766,0.07838614,-2.93738E-05,0.004020894
2426,1.170921,0.14489463,0.07521903,-1.87214E-05,0.00398291
2427,1.1807591,0.12912077,0.07103559,-1.00839E-05,0.003944457
2428,1.1906744,0.11315153,0.06580663,-3.72453E-06,0.003905631
2429,1.2006363,0.097068176,0.059527423,3.65099E-07,0.003866562
2430,1.2106197,0.080929,0.05220292,2.44621E-06,0.003827357
2431,1.2206113,0.06475911,0.043835264,2.95434E-06,0.003788078
2432,1.2306051,0.04857268,0.03442695,2.41731E-06,0.003748758
2433,1.2405988,0.032381788,0.023983266,1.39327E-06,0.003709411
2434,1.0451097,0.3776743,0.023981826,-1.33591E-05,0.004468503
2435,1.055056,0.36153167,0.034412734,-2.67215E-05,0.004430019
2436,1.0649964,0.34542155,0.043794964,-4.1722E-05,0.004391552
2437,1.0749323,0.32936504,0.052123804,-5.64276E-05,0.004353124
2438,1.0848578,0.31339028,0.059397917,-6.91512E-05,0.004314773
2439,1.0947471,0.2975307,0.06562214,-7.86168E-05,0.004276597
2440,1.104564,0.28182656,0.07080855,-8.40597E-05,0.004238728
2441,1.1142803,0.2663165,0.07497982,-8.52403E-05,0.00420126
2442,1.1238931,0.25101623,0.078171834,-8.24024E-05,0.004164184
2443,1.1334269,0.23589423,0.08042893,-7.61525E-05,0.004127386
2444,1.142925,0.22087151,0.0817897,-6.72984E-05,0.004090678
2445,1.1524343,0.20584644,0.08227322,-5.67179E-05,0.004053867
2446,1.1619567,0.19080883,0.08187886,-4.5359E-05,0.004016935
2447,1.1715195,0.17569906,0.080597036,-3.40691E-05,0.003979771
2448,1.1811614,0.16041774,0.07839638,-2.35592E-05,0.003942222
2449,1.1909038,0.14489463,0.07522781,-1.44111E-05,0.003904206
2450,1.2007447,0.12912075,0.07104241,-7.05901E-06,0.003865734
2451,1.2106615,0.11315152,0.06581129,-1.73607E-06,0.003826901
2452,1.2206237,0.09706817,0.059530005,1.56999E-06,0.003787833
2453,1.2306073,0.080928996,0.052203737,3.10051E-06,0.003748634
2454,1.2405989,0.06475911,0.043834776,3.25588E-06,0.003709365
2455,1.2505926,0.04857268,0.034425724,2.52168E-06,0.003670058
2456,1.2605864,0.032381788,0.023981888,1.41124E-06,0.003630727
2457,1.0650225,0.37767428,0.023967104,-1.12831E-05,0.004390676
2458,1.0749701,0.361532,0.034393467,-2.25747E-05,0.00435215
2459,1.08491,0.34542286,0.043772954,-3.52523E-05,0.004313651
2460,1.0948421,0.32936758,0.05210116,-4.76823E-05,0.004275201
2461,1.1047633,0.31339398,0.059376694,-5.84456E-05,0.004236825
2462,1.1146529,0.29753533,0.06560411,-6.64353E-05,0.004198604
2463,1.1244755,0.28182995,0.070795484,-7.09831E-05,0.004160667
2464,1.1342018,0.2663177,0.07497229,-7.18743E-05,0.004123113
2465,1.1438253,0.25101578,0.078169405,-6.93184E-05,0.004085947
2466,1.153369,0.23589389,0.0804307,-6.3841E-05,0.004049064
2467,1.1628757,0.22087222,0.08179482,-5.61376E-05,0.00401228
2468,1.1723927,0.20584838,0.0822808,-4.69639E-05,0.0039754
2469,1.1819224,0.19081067,0.08188789,-3.71395E-05,0.003938407
2470,1.191492,0.17570025,0.080606416,-2.74031E-05,0.003901189
2471,1.2011396,0.16041817,0.07840511,-1.83761E-05,0.003863598
2472,1.2108866,0.14489469,0.07523521,-1.05706E-05,0.003825549
2473,1.2207304,0.12912074,0.07104806,-4.37009E-06,0.003787057
2474,1.2306485,0.113151506,0.065815024,2.16146E-08,0.003748215
2475,1.2406112,0.09706816,0.059531905,2.62322E-06,0.003709146
2476,1.2505947,0.080928996,0.052204087,3.66052E-06,0.003669953
2477,1.2605864,0.06475911,0.043834012,3.5033E-06,0.003630693
2478,1.2705802,0.04857268,0.03442436,2.59874E-06,0.003591399
2479,1.2805738,0.032381788,0.023980467,1.41836E-06,0.003552082
2480,1.0849353,0.37767416,0.023954736,-9.47204E-06,0.004312879
2481,1.0948844,0.36153233,0.03437713,-1.89568E-05,0.004274312
2482,1.1048243,0.3454245,0.043753996,-2.96065E-05,0.004235779
2483,1.1147546,0.3293711,0.052081216,-4.00381E-05,0.004197301
2484,1.1246741,0.3133971,0.059358574,-4.90627E-05,0.004158892
2485,1.134566,0.29753605,0.065589815,-5.57491E-05,0.004120619
2486,1.1443958,0.2818283,0.07078562,-5.94981E-05,0.004082609
2487,1.1541309,0.26631507,0.07496666,-6.01216E-05,0.004044975
2488,1.1637629,0.2510146,0.07816743,-5.78021E-05,0.004007729
2489,1.1733142,0.23589523,0.08043198,-5.29951E-05,0.00397077
2490,1.182828,0.22087581,0.08179898,-4.62971E-05,0.003933916
2491,1.1923518,0.20585313,0.082287244,-3.83557E-05,0.003896972
2492,1.2018887,0.1908148,0.08189572,-2.9877E-05,0.003859918
2493,1.2114649,0.17570275,0.08061454,-2.15084E-05,0.003822648
2494,1.2211182,0.16041909,0.07841258,-1.37929E-05,0.003785013
2495,1.2308695,0.14489482,0.075241394,-7.18073E-06,0.003746932
2496,1.2407161,0.12912072,0.07105267,-2.0075E-06,0.003708419
2497,1.2506356,0.1131515,0.06581794,1.5526E-06,0.003669568
2498,1.2605987,0.09706816,0.0595332,3.52624E-06,0.003630499
2499,1.2705823,0.080928996,0.052204035,4.12678E-06,0.00359131
2500,1.280574,0.06475911,0.043833014,3.697E-06,0.003552059
2501,1.2905676,0.04857268,0.034422886,2.64891E-06,0.003512776
2502,1.3005614,0.032381788,0.023979018,1.41496E-06,0.003473473
2503,1.1048473,0.3776739,0.023944465,-7.89532E-06,0.004235108
2504,1.1147966,0.36153224,0.03436359,-1.58055E-05,0.004196505
2505,1.1247374,0.34542522,0.04373837,-2.46868E-05,0.004157935
2506,1.1346701,0.3293734,0.052064687,-3.338E-05,0.004119413
2507,1.1445944,0.31339973,0.059343223,-4.08757E-05,0.004080949
2508,1.1544919,0.29753616,0.06557786,-4.63964E-05,0.004042614
2509,1.1643271,0.2818268,0.07077727,-4.94358E-05,0.004004539
2510,1.1740676,0.26631528,0.0749613,-4.98194E-05,0.003966837
2511,1.1837045,0.25101846,0.078164876,-4.7707E-05,0.003929527
2512,1.1932609,0.23590238,0.08043237,-4.34861E-05,0.003892503
2513,1.2027805,0.22088425,0.0818022,-3.76642E-05,0.003855585
2514,1.2123109,0.20586102,0.08229271,-3.0798E-05,0.003818579
2515,1.2218548,0.1908208,0.0819025,-2.34963E-05,0.003781465
2516,1.2314379,0.17570606,0.08062153,-1.63292E-05,0.003744141
2517,1.241097,0.16042028,0.078418896,-9.77111E-06,0.003706463
2518,1.2508525,0.14489502,0.07524652,-4.2165E-06,0.003668351
2519,1.2607018,0.12912071,0.071056366,4.40269E-08,0.003629818
2520,1.2706226,0.11315149,0.06582013,2.86575E-06,0.003590957
2521,1.2805861,0.09706815,0.059533972,4.28421E-06,0.003551887
2522,1.2905698,0.080928996,0.052203637,4.50245E-06,0.003512702
2523,1.3005614,0.06475911,0.043831814,3.83897E-06,0.003473459
2524,1.3105552,0.04857268,0.03442133,2.6734E-06,0.003434186
2525,1.3205489,0.032381788,0.023977555,1.40163E-06,0.003394896
2526,1.1247585,0.3776734,0.023936084,-6.52609E-06,0.004157352
2527,1.1347071,0.36153167,0.03435259,-1.30677E-05,0.004118718
2528,1.1446496,0.34542507,0.04372569,-2.0408E-05,0.00408011
2529,1.1545883,0.3293738,0.05205155,-2.75882E-05,0.004041532
2530,1.1645213,0.31340095,0.059330743,-3.37603E-05,0.004002999
2531,1.1744261,0.29753846,0.06556699,-3.82581E-05,0.003964597
2532,1.184265,0.28183147,0.070768446,-4.06631E-05,0.003926465
2533,1.1940072,0.26632437,0.07495465,-4.08336E-05,0.003888711
2534,1.2036463,0.25103167,0.07816098,-3.88983E-05,0.003851347
2535,1.2132065,0.23591691,0.080431715,-3.51831E-05,0.003814266
2536,1.2227317,0.22089724,0.0818046,-3.01192E-05,0.003777286
2537,1.2322687,0.20587082,0.08229736,-2.41882E-05,0.003740219
2538,1.2418202,0.1908274,0.08190832,-1.79175E-05,0.003703045
2539,1.2514105,0.17570938,0.08062748,-1.1807E-05,0.003665668
2540,1.2610755,0.16042143,0.07842417,-6.27046E-06,0.003627946
2541,1.2708354,0.14489523,0.0752507,-1.65096E-06,0.003589802
2542,1.2806875,0.1291207,0.07105926,1.80238E-06,0.00355125
2543,1.2906096,0.113151476,0.06582169,3.97268E-06,0.003512379
2544,1.3005736,0.097068146,0.059534285,4.90459E-06,0.003473308
2545,1.3105574,0.080928996,0.052202944,4.79227E-06,0.003434127
2546,1.320549,0.06475911,0.043830458,3.93217E-06,0.003394891
2547,1.3305427,0.04857268,0.034419708,2.67391E-06,0.003355628
2548,1.3405365,0.032381788,0.023976091,1.37919E-06,0.003316349
2549,1.1446694,0.37767255,0.023929425,-5.33928E-06,0.004079602
2550,1.1546168,0.36153033,0.034343973,-1.06971E-05,0.004040941
2551,1.1645616,0.3454242,0.043715544,-1.67087E-05,0.004002293
2552,1.1745076,0.3293741,0.05204063,-2.25797E-05,0.003963656
2553,1.1844493,0.31340376,0.05931957,-2.76036E-05,0.003925055
2554,1.1943597,0.29754645,0.065555744,-3.1214E-05,0.003886593
2555,1.2042005,0.2818461,0.07075789,-3.30593E-05,0.003848413
2556,1.2139432,0.26634437,0.07494618,-3.30321E-05,0.003810614
2557,1.2235842,0.25105342,0.078155845,-3.12398E-05,0.0037732
2558,1.2331487,0.23593645,0.08043034,-2.79543E-05,0.003736062
2559,1.2426802,0.22091213,0.081806436,-2.35454E-05,0.00369902
2560,1.2522242,0.20588058,0.08230131,-1.84304E-05,0.003661892
2561,1.261784,0.19083326,0.08191325,-1.30669E-05,0.003624657
2562,1.2713821,0.17571208,0.08063243,-7.88722E-06,0.003587226
2563,1.2810537,0.1604223,0.0784285,-3.25151E-06,0.003549459
2564,1.2908183,0.14489536,0.075254045,5.43703E-07,0.003511283
2565,1.3006732,0.12912068,0.07106146,3.28697E-06,0.003472711
2566,1.3105967,0.11315147,0.065822706,4.88666E-06,0.003433831
2567,1.320561,0.097068146,0.05953421,5.39626E-06,0.003394758
2568,1.3305448,0.080928996,0.052202005,5.00204E-06,0.003355581
2569,1.3405365,0.06475911,0.043828975,3.98021E-06,0.003316352
2570,1.3505303,0.04857268,0.03441805,2.65247E-06,0.003277097
2571,1.3605239,0.032381788,0.023974638,1.34852E-06,0.00323783
2572,1.1645812,0.37767154,0.023924187,-4.31588E-06,0.004001849
2573,1.1745276,0.36152887,0.034337126,-8.65466E-06,0.003963161
2574,1.1844736,0.3454233,0.043707285,-1.35303E-05,0.00392448
2575,1.1944244,0.3293758,0.0520309,-1.82796E-05,0.003885794
2576,1.2043717,0.3134106,0.059308447,-2.23076E-05,0.003847138
2577,1.2142853,0.29756093,0.06554362,-2.51435E-05,0.003808627
2578,1.2241269,0.28186834,0.07074616,-2.64958E-05,0.003770404
2579,1.2338709,0.26637036,0.07493696,-2.62817E-05,0.00373256
2580,1.2435153,0.2510779,0.07815051,-2.46005E-05,0.003695092
2581,1.2530857,0.23595585,0.080428906,-2.16833E-05,0.003657893
2582,1.2626249,0.2209254,0.08180799,-1.78457E-05,0.003620788
2583,1.2721771,0.20588855,0.082304664,-1.34468E-05,0.003583596
2584,1.2817459,0.1908376,0.08191735,-8.88152E-06,0.003546299
2585,1.2913526,0.17571393,0.080636494,-4.52046E-06,0.003508811
2586,1.3010314,0.16042285,0.07843199,-6.7619E-07,0.003471
2587,1.310801,0.14489543,0.07525667,2.39593E-06,0.003432791
2588,1.3206589,0.12912066,0.071063064,4.51819E-06,0.003394199
2589,1.3305837,0.11315145,0.065823264,5.62195E-06,0.00335531
2590,1.3405484,0.09706814,0.059533812,5.76893E-06,0.003316235
2591,1.3505324,0.08092899,0.052200865,5.13816E-06,0.003277062
2592,1.360524,0.06475911,0.043827396,3.98706E-06,0.003237839
2593,1.3705177,0.04857268,0.034416374,2.61127E-06,0.003198593
2594,1.3805115,0.032381788,0.023973208,1.31062E-06,0.003159336
2595,1.1844934,0.37767097,0.023919791,-3.44151E-06,0.00392409
2596,1.1944392,0.3615287,0.03433093,-6.90973E-06,0.003885378
2597,1.2043839,0.3454241,0.04369973,-1.08111E-05,0.003846673
2598,1.2143346,0.3293796,0.0520218,-1.45931E-05,0.003807957
2599,1.2242826,0.31342015,0.059297696,-1.7755E-05,0.003769266
2600,1.2341973,0.29757726,0.06553212,-1.99143E-05,0.003730716
2601,1.2440407,0.2818899,0.07073561,-2.084E-05,0.003692449
2602,1.253788,0.2663932,0.07492911,-2.04659E-05,0.003654554
2603,1.2634385,0.25109783,0.07814626,-1.88801E-05,0.003617027
2604,1.273017,0.23597053,0.08042798,-1.62837E-05,0.003579762
2605,1.2825656,0.22093482,0.08180947,-1.29461E-05,0.003542587
2606,1.2921276,0.20589387,0.08230752,-9.17322E-06,0.003505328
2607,1.3017063,0.19084018,0.08192073,-5.30538E-06,0.003467967
2608,1.3113226,0.17571488,0.080639765,-1.65979E-06,0.003430422
2609,1.3210089,0.16042309,0.07843475,1.4929E-06,0.003392563
2610,1.3307837,0.14489545,0.075258665,3.93409E-06,0.003354323
2611,1.3406446,0.12912065,0.07106415,5.51673E-06,0.003315711
2612,1.3505708,0.113151446,0.06582342,6.1933E-06,0.003276814
2613,1.3605359,0.09706813,0.059533138,6.0328E-06,0.003237738
2614,1.3705199,0.08092899,0.05219957,5.20741E-06,0.003198567
2615,1.3805115,0.06475911,0.043825753,3.95693E-06,0.00315935
2616,1.3905053,0.04857268,0.034414694,2.55266E-06,0.003120112
2617,1.400499,0.032381788,0.023971807,1.26651E-06,0.003080864
2618,1.2044045,0.37767133,0.023915734,-2.69761E-06,0.003846328
2619,1.2143476,0.36152995,0.034325123,-5.42743E-06,0.003807598
2620,1.224288,0.3454262,0.043692827,-8.48697E-06,0.003768883
2621,1.2342348,0.32938382,0.0520139,-1.14278E-05,0.003730154
2622,1.2441808,0.3134286,0.059288703,-1.38411E-05,0.00369144
2623,1.254096,0.2975903,0.065522924,-1.54198E-05,0.003652855
2624,1.2639431,0.28190538,0.070727706,-1.59831E-05,0.00361454
2625,1.2736961,0.26640835,0.07492365,-1.54816E-05,0.00357659
2626,1.2833546,0.25111026,0.0781436,-1.39896E-05,0.003538998
2627,1.2929434,0.23597921,0.08042776,-1.1677E-05,0.00350166
2628,1.3025033,0.22093996,0.08181095,-8.774E-06,0.003464411
2629,1.3120766,0.2058964,0.08230994,-5.54422E-06,0.003427082
2630,1.3216661,0.19084105,0.08192347,-2.28132E-06,0.003389655
2631,1.3312923,0.175715,0.08064236,7.41862E-07,0.003352051
2632,1.3409864,0.16042303,0.07843689,3.29263E-06,0.003314148
2633,1.3507664,0.14489542,0.075260125,5.18606E-06,0.003275876
2634,1.3606303,0.12912063,0.07106481,6.30328E-06,0.003237245
2635,1.3705578,0.11315143,0.06582325,6.61567E-06,0.003198339
2636,1.3805233,0.09706813,0.059532247,6.19839E-06,0.003159262
2637,1.3905075,0.08092899,0.052198153,5.21686E-06,0.003120094
2638,1.4004991,0.06475911,0.04382407,3.89425E-06,0.003080883
2639,1.4104928,0.04857268,0.03441303,2.47905E-06,0.003041652
2640,1.4204866,0.032381788,0.02397045,1.21724E-06,0.003002413
2641,1.2243134,0.37767234,0.023912027,-2.06914E-06,0.003768562
2642,1.2342517,0.36153093,0.034320522,-4.16195E-06,0.003729824
2643,1.2441853,0.34542683,0.04368792,-6.49902E-06,0.00369111
2644,1.254126,0.32938534,0.05200852,-8.7213E-06,0.003652378
2645,1.2640699,0.31343302,0.059282556,-1.04986E-05,0.003613644
2646,1.2739868,0.297598,0.06551659,-1.1586E-05,0.003575023
2647,1.2838382,0.28191474,0.07072238,-1.18466E-05,0.003536661
2648,1.2935983,0.26641712,0.07492019,-1.12438E-05,0.003498652
2649,1.3032664,0.2511168,0.0781422,-9.83844E-06,0.003460992
2650,1.3128672,0.23598301,0.0804281,-7.77359E-06,0.003423578
2651,1.32244,0.22094145,0.08181244,-5.24717E-06,0.003386251
2652,1.3320254,0.20589647,0.08231202,-2.48817E-06,0.003348849
2653,1.3416262,0.19084045,0.08192567,2.48742E-07,0.003311357
2654,1.3512622,0.17571446,0.08064438,2.73043E-06,0.003273697
2655,1.360964,0.16042279,0.0784385,4.75858E-06,0.00323575
2656,1.3707492,0.14489536,0.07526114,6.17914E-06,0.003197447
2657,1.380616,0.12912062,0.0710651,6.89843E-06,0.003158799
2658,1.3905449,0.11315142,0.06582281,6.90421E-06,0.003119886
2659,1.4005108,0.09706812,0.059531182,6.27644E-06,0.003080807
2660,1.4104949,0.08092899,0.05219665,5.17373E-06,0.003041642
2661,1.4204866,0.06475911,0.04382237,3.8035E-06,0.003002435
2662,1.4304804,0.04857268,0.034411393,2.39291E-06,0.002963212
2663,1.440474,0.032381788,0.023969136,1.16386E-06,0.002923981
2664,1.2442214,0.37767327,0.023909101,-1.52818E-06,0.003690785
2665,1.2541549,0.36153048,0.034317695,-3.07968E-06,0.003652042
2666,1.2640817,0.34542498,0.04368539,-4.80584E-06,0.00361333
2667,1.274016,0.32938313,0.05200595,-6.4255E-06,0.003574597
2668,1.2839574,0.31343272,0.059279356,-7.67401E-06,0.003535848
2669,1.293876,0.29760087,0.06551284,-8.35252E-06,0.003497194
2670,1.3037316,0.2819194,0.07071911,-8.35735E-06,0.003458787
2671,1.3134989,0.26642105,0.0749183,-7.6682E-06,0.003420722
2672,1.3231776,0.25111854,0.078141876,-6.33776E-06,0.003382992
2673,1.3327912,0.23598257,0.08042895,-4.48718E-06,0.003345501
2674,1.3423774,0.22093974,0.08181396,-2.2884E-06,0.003308097
2675,1.3519752,0.20589454,0.08231379,5.95197E-08,0.003270624
2676,1.361587,0.19083889,0.081927426,2.3375E-06,0.003233069
2677,1.3712325,0.17571364,0.080645934,4.34831E-06,0.003195356
2678,1.3809416,0.16042252,0.07843968,5.92464E-06,0.003157368
2679,1.3907319,0.1448953,0.07526178,6.94003E-06,0.003119036
2680,1.4006016,0.1291206,0.07106508,7.32269E-06,0.003080371
2681,1.4105319,0.11315141,0.06582215,7.07416E-06,0.00304145
2682,1.4204983,0.097068116,0.059529986,6.27785E-06,0.00300237
2683,1.4304825,0.08092899,0.052195095,5.08537E-06,0.002963207
2684,1.4404742,0.06475911,0.04382067,3.68917E-06,0.002924006
2685,1.4504678,0.04857268,0.0344098,2.29658E-06,0.002884789
2686,1.4604616,0.032381788,0.023967877,1.10731E-06,0.002845566
2687,1.2641317,0.37767312,0.023907468,-1.07865E-06,0.003612987
2688,1.2740623,0.3615296,0.034315903,-2.17236E-06,0.003574233
2689,1.2839851,0.34542271,0.04368394,-3.38012E-06,0.003535514
2690,1.2939155,0.3293796,0.052004922,-4.48901E-06,0.003496773
2691,1.3038532,0.31342915,0.059278343,-5.29461E-06,0.003458014
2692,1.3137704,0.2975987,0.065511614,-5.63891E-06,0.003419341
2693,1.3236285,0.28191802,0.07071818,-5.43743E-06,0.003380899
2694,1.3334026,0.26641873,0.07491827,-4.67867E-06,0.003342781
2695,1.3430918,0.25111458,0.07814275,-3.4134E-06,0.003304984
2696,1.3527182,0.2359778,0.08043032,-1.74985E-06,0.003267419
2697,1.3623173,0.2209355,0.08181548,1.62272E-07,0.003229941
2698,1.3719267,0.20589156,0.0823153,2.15175E-06,0.003192402
2699,1.3815489,0.19083707,0.08192884,4.03116E-06,0.003154789
2700,1.3912033,0.1757129,0.08064714,5.63482E-06,0.003117027
2701,1.4009194,0.16042231,0.07844054,6.82353E-06,0.003078999
2702,1.4107147,0.14489527,0.075262114,7.49508E-06,0.003040641
2703,1.4205873,0.12912059,0.07106482,7.59654E-06,0.003001959
2704,1.4305189,0.1131514,0.06582132,7.14085E-06,0.00296303
2705,1.4404857,0.09706811,0.05952869,6.21349E-06,0.002923949
2706,1.45047,0.08092899,0.052193508,4.9589E-06,0.002884789
2707,1.4604616,0.06475911,0.043819,3.55544E-06,0.002845592
2708,1.4704554,0.04857268,0.034408256,2.19217E-06,0.002806381
2709,1.4804491,0.032381788,0.023966674,1.04843E-06,0.002767165
2710,1.2840443,0.37767354,0.023905987,-7.07421E-07,0.003535164
2711,1.2939764,0.3615298,0.03431409,-1.41745E-06,0.003496385
2712,1.3039005,0.34542173,0.043682512,-2.18757E-06,0.003457642
2713,1.3138298,0.32937682,0.05200426,-2.86386E-06,0.003418886
2714,1.3237634,0.31342468,0.05927843,-3.29713E-06,0.003380121
2715,1.3336757,0.2975927,0.065512374,-3.36848E-06,0.003341443
2716,1.3435334,0.2819105,0.07071956,-3.00673E-06,0.003302979
2717,1.3533126,0.2664099,0.074920125,-2.20025E-06,0.003264817
2718,1.3630114,0.25110558,0.07814468,-9.98245E-07,0.003226959
2719,1.3726492,0.2359702,0.08043204,4.99895E-07,0.003189325
2720,1.3822598,0.22093019,0.08181696,2.1613E-06,0.003151781
2721,1.3918797,0.20588858,0.08231661,3.83864E-06,0.003114183
2722,1.4015115,0.1908357,0.081930004,5.37417E-06,0.003076516
2723,1.4111744,0.17571248,0.08064809,6.62839E-06,0.003038707
2724,1.4208974,0.16042225,0.07844112,7.48756E-06,0.003000643
2725,1.4306974,0.14489526,0.0752622,7.87053E-06,0.002962258
2726,1.4405731,0.12912057,0.07106436,7.74037E-06,0.002923561
2727,1.450506,0.11315139,0.06582036,7.11924E-06,0.002884625
2728,1.4604732,0.09706811,0.05952733,6.09357E-06,0.002845543
2729,1.4704576,0.08092898,0.05219191,4.8007E-06,0.002806386
2730,1.4804492,0.06475911,0.04381736,3.40597E-06,0.002767193
2731,1.4904429,0.04857268,0.03440677,2.08159E-06,0.002727988
2732,1.5004367,0.032381788,0.023965532,9.88051E-07,0.002688778
2733,1.3039585,0.37767375,0.023905033,-3.9895E-07,0.003457321
2734,1.3138956,0.36153004,0.034312844,-7.92236E-07,0.003418507
2735,1.3238246,0.34542134,0.04368142,-1.20024E-06,0.003379729
2736,1.3337544,0.32937524,0.052003697,-1.5177E-06,0.003340953
2737,1.3436832,0.31342074,0.05927891,-1.64189E-06,0.003302184
2738,1.35359,0.29758513,0.06551422,-1.48802E-06,0.003263505
2739,1.3634458,0.2818996,0.07072238,-9.97984E-07,0.003225026
2740,1.373229,0.26639774,0.07492303,-1.59619E-07,0.003186825
2741,1.382936,0.25109482,0.07814706,9.80037E-07,0.003148913
2742,1.3925838,0.23596247,0.08043379,2.32766E-06,0.00311122
2743,1.4022048,0.22092569,0.081818275,3.76683E-06,0.003073617
2744,1.4118339,0.20588651,0.082317725,5.17191E-06,0.003035965
2745,1.4214748,0.19083509,0.08193097,6.41132E-06,0.002998249
2746,1.4311457,0.17571247,0.08064883,7.36771E-06,0.002960397
2747,1.4408753,0.1604223,0.07844148,7.94929E-06,0.002922298
2748,1.4506803,0.14489526,0.07526208,8.0924E-06,0.002883888
2749,1.4605588,0.12912056,0.07106375,7.77334E-06,0.002845176
2750,1.470493,0.11315138,0.06581929,7.0223E-06,0.002806233
2751,1.4804606,0.0970681,0.059525933,5.92643E-06,0.002767151
2752,1.490445,0.08092898,0.052190326,4.6161E-06,0.002727996
2753,1.5004367,0.06475911,0.043815766,3.24414E-06,0.002688807
2754,1.5104305,0.04857268,0.03440535,1.96684E-06,0.002649607
2755,1.5204241,0.032381788,0.023964452,9.27149E-07,0.002610404
2756,1.3238726,0.37767366,0.023904648,-1.41328E-07,0.003379465
2757,1.3338135,0.36153,0.034312207,-2.75427E-07,0.00334062
2758,1.343747,0.34542137,0.04368064,-3.87915E-07,0.003301807
2759,1.3536775,0.3293743,0.05200337,-4.16425E-07,0.003263011
2760,1.3636031,0.31341687,0.059279885,-2.93469E-07,0.003224236
2761,1.3735067,0.29757679,0.06551681,4.49962E-08,0.00318555
2762,1.3833624,0.28188774,0.070725806,6.42857E-07,0.003147051
2763,1.3931499,0.26638573,0.074926145,1.50384E-06,0.003108813
2764,1.4028642,0.25108558,0.07814929,2.58121E-06,0.003070852
2765,1.4125211,0.23595692,0.08043527,3.791E-06,0.003033106
2766,1.4221511,0.22092311,0.081819385,5.03244E-06,0.00299545
2767,1.431789,0.20588575,0.08231867,6.19976E-06,0.002957749
2768,1.4414384,0.19083528,0.08193179,7.1846E-06,0.002919987
2769,1.4511173,0.17571287,0.080649406,7.88858E-06,0.002882095
2770,1.4608535,0.1604227,0.0784417,8.23823E-06,0.002843962
2771,1.4706633,0.14489567,0.07526189,8.18439E-06,0.002805527
2772,1.4805447,0.12912092,0.07106313,7.71364E-06,0.0027668
2773,1.4904802,0.11315156,0.065818235,6.86258E-06,0.002727852
2774,1.5004481,0.09706814,0.05952454,5.72025E-06,0.00268877
2775,1.5104325,0.08092898,0.052188773,4.41084E-06,0.002649618
2776,1.5204242,0.06475911,0.04381423,3.07401E-06,0.002610433
2777,1.5404117,0.032381788,0.023963436,8.66918E-07,0.00253204
2778,1.5304179,0.04857268,0.034404002,1.85043E-06,0.002571238
2779,1.3437853,0.37767372,0.023904448,6.68355E-08,0.003301598
2780,1.3537279,0.3615306,0.034311578,1.42163E-07,0.00326273
2781,1.3636632,0.3454225,0.04367969,2.6672E-07,0.003223895
2782,1.3735937,0.329374,0.052003197,4.70614E-07,0.003185082
2783,1.383518,0.31341225,0.0592816,7.91136E-07,0.003146297
2784,1.3934214,0.29756746,0.0655201,1.27717E-06,0.003107594
2785,1.40328,0.2818765,0.07072934,1.96244E-06,0.003069065
2786,1.4130728,0.26637617,0.07492884,2.83793E-06,0.003030788
2787,1.4227946,0.25107968,0.07815099,3.85389E-06,0.002992782
2788,1.4324597,0.2359544,0.08043638,4.93651E-06,0.002954987
2789,1.4420983,0.22092268,0.08182028,6.00226E-06,0.002917283
2790,1.4517446,0.20588619,0.08231948,6.96355E-06,0.002879537
2791,1.4614023,0.19083619,0.08193248,7.73046E-06,0.002841732
2792,1.471089,0.1757139,0.080649875,8.22183E-06,0.002803799
2793,1.4808321,0.16042398,0.07844191,8.37927E-06,0.002765633
2794,1.4906471,0.14489727,0.075261846,8.16592E-06,0.002727173
2795,1.5005313,0.1291224,0.07106275,7.57737E-06,0.002688433
2796,1.5104676,0.11315237,0.06581737,6.65427E-06,0.002649481
2797,1.5204357,0.097068325,0.059523214,5.48625E-06,0.0026104
2798,1.5304201,0.08092898,0.05218726,4.19281E-06,0.00257125
2799,1.5404117,0.06475911,0.043812763,2.90072E-06,0.002532069
2800,1.5603992,0.032381788,0.023962483,8.08562E-07,0.002453685
2801,1.5504055,0.04857268,0.034402724,1.73519E-06,0.002492878
2802,1.3636974,0.3776741,0.023904243,2.2956E-07,0.003223717
2803,1.3736405,0.36153182,0.034310848,4.715E-07,0.003184834
2804,1.3835757,0.3454237,0.043679044,7.81415E-07,0.003145985
2805,1.3935057,0.32937267,0.052003853,1.1645E-06,0.00310716
2806,1.4034297,0.31340638,0.059284166,1.64548E-06,0.00306836
2807,1.4133347,0.2975581,0.06552369,2.25422E-06,0.003029635
2808,1.4231976,0.28186744,0.07073242,3.00667E-06,0.002991073
2809,1.432997,0.26637045,0.074930765,3.88388E-06,0.002952755
2810,1.442726,0.25107765,0.078152046,4.83723E-06,0.002914706
2811,1.452399,0.23595476,0.080437124,5.80408E-06,0.002876866
2812,1.4620457,0.22092386,0.081820995,6.71575E-06,0.002839118
2813,1.4717,0.20588744,0.082320176,7.4995E-06,0.002801329
2814,1.5803868,0.032381788,0.02396159,7.52926E-07,0.002375339
2815,1.4813663,0.1908377,0.08193305,8.08113E-06,0.002763481
2816,1.4910611,0.17571576,0.0806503,8.39506E-06,0.002725508
2817,1.5008113,0.1604265,0.07844221,8.3955E-06,0.002687308
2818,1.5106314,0.14490026,0.07526203,8.05582E-06,0.002648825
2819,1.5205183,0.12912509,0.07106266,7.3792E-06,0.002610073
2820,1.5304555,0.11315393,0.065816745,6.41013E-06,0.002571118
2821,1.5404234,0.097068734,0.059522,5.23597E-06,0.002532038
2822,1.5504075,0.08092898,0.052185796,3.97023E-06,0.002492892
2823,1.5603993,0.06475911,0.04381136,2.729E-06,0.002453714
2824,1.570393,0.04857268,0.034401517,1.62345E-06,0.002414527
2825,1.3836097,0.37767455,0.023904184,3.54177E-07,0.003145822
2826,1.3935536,0.36153263,0.034310624,7.23529E-07,0.003106924
2827,1.4034883,0.34542316,0.043679606,1.17598E-06,0.003068064
2828,1.4134171,0.32936835,0.05200626,1.69845E-06,0.003029229
2829,1.4233416,0.31339842,0.059287895,2.30206E-06,0.002990414
2830,1.4332497,0.29754966,0.06552718,3.00747E-06,0.002951663
2831,1.4431175,0.28186187,0.07073464,3.80891E-06,0.002913068
2832,1.4529229,0.2663688,0.07493181,4.6774E-06,0.002874713
2833,1.4626585,0.25107875,0.0781526,5.56846E-06,0.002836625
2834,1.4723384,0.23595674,0.08043766,6.43089E-06,0.002798746
2835,1.4819927,0.22092569,0.08182161,7.20825E-06,0.002760957
2836,1.4916551,0.20588902,0.082320765,7.84053E-06,0.002723126
2837,1.6003742,0.032381788,0.023960758,7.00405E-07,0.002297
2838,1.5903805,0.04857268,0.03440038,1.51644E-06,0.002336184
2839,1.50133,0.19083957,0.081933536,8.26649E-06,0.002685235
2840,1.5110335,0.17571837,0.08065069,8.43479E-06,0.002647222
2841,1.520791,0.16042994,0.078442566,8.30962E-06,0.002608989
2842,1.5306159,0.144904,0.07526232,7.87279E-06,0.002570484
2843,1.5405052,0.12912817,0.07106266,7.13373E-06,0.002531721
2844,1.5504429,0.113155656,0.06581618,6.14018E-06,0.002492764
2845,1.5604109,0.09706922,0.059520844,4.97666E-06,0.002453685
2846,1.5703951,0.08092898,0.052184388,3.74824E-06,0.002414541
2847,1.5803868,0.06475911,0.04381003,2.56159E-06,0.002375367
2848,1.4035225,0.37767437,0.023904707,4.46655E-07,0.003067911
2849,1.4134678,0.3615314,0.034311842,9.07714E-07,0.003028996
2850,1.423403,0.34541917,0.04368229,1.46232E-06,0.002990123
2851,1.4333316,0.32936114,0.05201029,2.09332E-06,0.002951278
2852,1.4432571,0.31338972,0.05929214,2.79771E-06,0.002912447
2853,1.4531684,0.29754323,0.06553012,3.57241E-06,0.002873672
2854,1.4630407,0.2818597,0.07073598,4.40213E-06,0.002835048
2855,1.4728504,0.26637003,0.07493227,5.25187E-06,0.002796664
2856,1.4825908,0.25108117,0.07815294,6.08252E-06,0.002758544
2857,1.4922768,0.23595887,0.08043816,6.85147E-06,0.00272063
2858,1.5019386,0.22092722,0.08182219,7.51304E-06,0.002682801
2859,1.5116094,0.20589039,0.08232127,8.01705E-06,0.002644928
2860,1.6203618,0.032381788,0.02395998,6.51252E-07,0.002218668
2861,1.610368,0.04857268,0.034399316,1.41488E-06,0.002257848
2862,1.6003743,0.06475911,0.043808766,2.39996E-06,0.002297027
2863,1.5212934,0.19084147,0.08193392,8.31479E-06,0.002606995
2864,1.5310057,0.17572115,0.08065101,8.36603E-06,0.002568942
2865,1.5407705,0.16043346,0.078442864,8.14271E-06,0.002530676
2866,1.5506002,0.1449075,0.0752625,7.63347E-06,0.00249215
2867,1.5604917,0.12913077,0.07106249,6.85358E-06,0.002453378
2868,1.5704302,0.11315695,0.06581547,5.85294E-06,0.002414418
2869,1.5803983,0.09706956,0.059519675,4.71269E-06,0.00237534
2870,1.5903826,0.080928974,0.05218304,3.52929E-06,0.002336199
2871,1.4234362,0.3776729,0.02390619,5.15452E-07,0.002989985
2872,1.4333836,0.3615271,0.034315098,1.03958E-06,0.002951052
2873,1.4433203,0.34541106,0.043687414,1.66721E-06,0.002912163
2874,1.4532495,0.32935092,0.052015964,2.37234E-06,0.002873306
2875,1.4631766,0.31338143,0.059296384,3.15045E-06,0.00283446
2876,1.4730902,0.29753911,0.06553239,3.97568E-06,0.002795665
2877,1.4829645,0.28185967,0.07073681,4.81633E-06,0.002757021
2878,1.4927766,0.26637188,0.07493266,5.63918E-06,0.002718617
2879,1.5025207,0.251083,0.07815343,6.41042E-06,0.002680472
2880,1.5122126,0.23595986,0.080438785,7.09609E-06,0.002642524
2881,1.5218827,0.22092777,0.081822775,7.65869E-06,0.002604654
2882,1.5315626,0.20589103,0.08232171,8.05735E-06,0.002566737
2883,1.6403493,0.032381788,0.023959255,6.06012E-07,0.002140341
2884,1.6303556,0.04857268,0.034398314,1.31974E-06,0.002179518
2885,1.6203618,0.06475911,0.043807577,2.24577E-06,0.002218694
2886,1.6103702,0.080928974,0.052181754,3.3159E-06,0.002257862
2887,1.5412562,0.1908428,0.081934206,8.25193E-06,0.00252876
2888,1.5509776,0.17572345,0.080651194,8.21087E-06,0.002490667
2889,1.5607495,0.1604363,0.07844298,7.91248E-06,0.00245237
2890,1.5705838,0.14491008,0.075262435,7.35184E-06,0.002413824
2891,1.5804777,0.12913245,0.07106204,6.54935E-06,0.002375042
2892,1.5904171,0.11315768,0.06581458,5.55611E-06,0.002336079
2893,1.6003857,0.097069725,0.05951847,4.44877E-06,0.002297002
2894,1.4433498,0.37767074,0.02390823,5.66326E-07,0.002912048
2895,1.4532999,0.3615212,0.034319405,1.13499E-06,0.002873097
2896,1.4632386,0.34540185,0.04369327,1.8148E-06,0.002834192
2897,1.4731686,0.32934073,0.052021768,2.57384E-06,0.002795323
2898,1.4830964,0.3133741,0.059300378,3.38928E-06,0.002756464
2899,1.4930105,0.2975364,0.06553427,4.23667E-06,0.002717658
2900,1.502885,0.28185987,0.070737645,5.07141E-06,0.002679003
2901,1.5126982,0.2663728,0.07493332,5.86147E-06,0.002640584
2902,1.5224462,0.25108308,0.078154236,6.57757E-06,0.002602414
2903,1.5321454,0.23595917,0.0804396,7.19239E-06,0.002564428
2904,1.5418248,0.22092691,0.08182341,7.67465E-06,0.002526514
2905,1.5515147,0.20589057,0.0823221,7.98852E-06,0.002488552
2906,1.6603369,0.032381788,0.023958577,5.65983E-07,0.00206202
2907,1.6503431,0.04857268,0.03439738,1.23291E-06,0.002101193
2908,1.6403494,0.06475911,0.043806452,2.10157E-06,0.002140367
2909,1.6303576,0.080928974,0.052180536,3.11177E-06,0.002179532
2910,1.6203731,0.09706978,0.05951728,4.19035E-06,0.00221867
2911,1.5612184,0.19084322,0.08193438,8.10096E-06,0.00245053
2912,1.570949,0.17572483,0.08065123,7.98777E-06,0.002412397
2913,1.5807282,0.16043814,0.07844289,7.63359E-06,0.00237407
2914,1.5905674,0.14491165,0.07526211,7.03977E-06,0.002335504
2915,1.6004637,0.12913336,0.07106138,6.23074E-06,0.002296712
2916,1.6104044,0.11315802,0.06581358,5.25706E-06,0.002257746
2917,1.4632622,0.3776693,0.023909826,5.96441E-07,0.002834105
2918,1.4732133,0.3615176,0.03432242,1.19736E-06,0.002795141
2919,1.4831538,0.3453968,0.04369695,1.914E-06,0.002756223
2920,1.4930851,0.32933632,0.052024856,2.70923E-06,0.002717342
2921,1.5030124,0.3133716,0.059302423,3.54384E-06,0.002678476
2922,1.5129251,0.29753625,0.065535314,4.38442E-06,0.002639666
2923,1.5227989,0.28186056,0.07073841,5.19809E-06,0.002601005
2924,1.532614,0.26637247,0.07493431,5.94977E-06,0.002562569
2925,1.5423676,0.2510813,0.07815538,6.61738E-06,0.002524369
2926,1.5520757,0.2359565,0.08044062,7.17367E-06,0.002486342
2927,1.5617657,0.22092445,0.0818241,7.58975E-06,0.00244838
2928,1.5714661,0.20588893,0.08232244,7.83475E-06,0.002410371
2929,1.6803243,0.032381788,0.023957938,5.33664E-07,0.001983703
2930,1.6703306,0.04857268,0.034396496,1.15809E-06,0.002022874
2931,1.6603369,0.06475911,0.043805394,1.97159E-06,0.002062044
2932,1.6503452,0.080928974,0.05217938,2.92163E-06,0.002101207
2933,1.6403606,0.09706979,0.059516124,3.94315E-06,0.002140342
2934,1.6303915,0.11315816,0.06581254,4.96311E-06,0.002179417
2935,1.58118,0.19084266,0.08193444,7.88077E-06,0.002372305
2936,1.59092,0.17572533,0.08065112,7.71173E-06,0.002334132
2937,1.6007065,0.16043909,0.07844262,7.31868E-06,0.002295774
2938,1.6105506,0.14491247,0.0752616,6.70829E-06,0.002257188
2939,1.6204499,0.12913379,0.07106058,5.90696E-06,0.002218386
2940,1.483173,0.37766936,0.02391044,6.06629E-07,0.002756155
2941,1.4931229,0.36151797,0.03432303,1.227E-06,0.00271719
2942,1.5030627,0.3453981,0.04369719,1.96706E-06,0.002678268
2943,1.512994,0.3293392,0.05202447,2.77907E-06,0.00263938
2944,1.5229206,0.31337556,0.05930178,3.61875E-06,0.00260051
2945,1.5328319,0.2975394,0.06553521,4.44393E-06,0.002561698
2946,1.5427058,0.28186157,0.0707391,5.22665E-06,0.002523028
2947,1.5525248,0.26637045,0.07493572,5.94211E-06,0.002484569
2948,1.5622863,0.251077,0.07815697,6.5637E-06,0.002446333
2949,1.5720047,0.23595168,0.08044188,7.06792E-06,0.002408259
2950,1.5817059,0.2209205,0.081824854,7.4263E-06,0.002370247
2951,1.5914173,0.20588644,0.08232274,7.61255E-06,0.002332192
2952,1.7003119,0.032381788,0.023957333,5.12366E-07,0.001905391
2953,1.6903181,0.04857268,0.03439566,1.10146E-06,0.001944558
2954,1.6803244,0.06475911,0.043804396,1.86345E-06,0.001983726
2955,1.6703327,0.080928974,0.05217829,2.75261E-06,0.002022886
2956,1.6603482,0.0970698,0.05951502,3.71315E-06,0.002062018
2957,1.6503788,0.1131582,0.06581153,4.68051E-06,0.002101093
2958,1.640436,0.12913398,0.07105975,5.58608E-06,0.002140064
2959,1.6011416,0.1908415,0.08193444,7.60498E-06,0.002294082
2960,1.6108909,0.17572528,0.08065092,7.39498E-06,0.00225587
2961,1.6206849,0.16043952,0.078442246,6.97922E-06,0.002217482
2962,1.630534,0.14491285,0.075261004,6.36753E-06,0.002178876
2963,1.5030836,0.37767068,0.02391023,6.02312E-07,0.002678197
2964,1.5130312,0.36152148,0.034321718,1.23116E-06,0.002639236
2965,1.5229683,0.3454038,0.04369503,1.97988E-06,0.002600318
2966,1.5328966,0.32934636,0.05202202,2.79319E-06,0.002561435
2967,1.5428209,0.31338224,0.059300013,3.62277E-06,0.002522567
2968,1.552732,0.29754293,0.06553497,4.42716E-06,0.002483748
2969,1.5626085,0.28186017,0.070740506,5.17744E-06,0.002445062
2970,1.5724337,0.26636508,0.07493791,5.85447E-06,0.002406575
2971,1.5822042,0.2510698,0.07815906,6.4345E-06,0.002368297
2972,1.5919336,0.23594502,0.08044334,6.88904E-06,0.002330175
2973,1.6016464,0.22091576,0.081825614,7.19453E-06,0.002292115
2974,1.6113687,0.20588379,0.082323015,7.33144E-06,0.002254013
2975,1.7202995,0.032381773,0.023956735,5.04823E-07,0.001827082
2976,1.7103058,0.048572574,0.034394797,1.06833E-06,0.001866247
2977,1.7003123,0.064758755,0.04380325,1.78429E-06,0.001905411
2978,1.6903207,0.080928296,0.052176923,2.61212E-06,0.001944567
2979,1.6803361,0.097069,0.059513632,3.50803E-06,0.001983697
2980,1.6703663,0.11315761,0.06581032,4.41831E-06,0.00202277
2981,1.6604223,0.12913373,0.07105881,5.27879E-06,0.002061744
2982,1.6505175,0.14491288,0.07526034,6.02928E-06,0.002100567
2983,1.6211033,0.19084033,0.08193441,7.28413E-06,0.002215859
2984,1.6308619,0.17572509,0.080650695,7.04914E-06,0.00217761
2985,1.6406631,0.16043966,0.07844182,6.62734E-06,0.002139192
2986,1.522994,0.37767234,0.023909766,5.87578E-07,0.002600232
2987,1.5329397,0.36152634,0.03431961,1.21014E-06,0.002561275
2988,1.5428741,0.34541145,0.043691784,1.95793E-06,0.002522363
2989,1.5527993,0.32935464,0.052019022,2.76102E-06,0.002483485
2990,1.5627211,0.31338832,0.059298474,3.5718E-06,0.00244462
2991,1.5726321,0.2975438,0.06553569,4.34868E-06,0.002405796
2992,1.5825121,0.28185523,0.07074297,5.06557E-06,0.002367092
2993,1.5923439,0.2663564,0.074940875,5.70251E-06,0.002328574
2994,1.6021236,0.25106093,0.07816143,6.23633E-06,0.002290255
2995,1.6118637,0.23593819,0.08044478,6.64294E-06,0.002252088
2996,1.6215876,0.22091156,0.08182633,6.90191E-06,0.002213979
2997,1.6313206,0.20588179,0.08232327,7.00018E-06,0.002175832
2998,1.740287,0.032381788,0.023956155,5.16192E-07,0.001748778
2999,1.7302935,0.048572313,0.034393854,1.06575E-06,0.001787939
3000,1.7203007,0.06475763,0.043801717,1.74332E-06,0.001827097
3001,1.7103099,0.08092611,0.05217487,2.51363E-06,0.001866248
3002,1.7003256,0.09706653,0.059511583,3.34544E-06,0.001905373
3003,1.6903557,0.11315582,0.06580873,4.1933E-06,0.001944443
3004,1.6804101,0.12913282,0.07105772,4.99751E-06,0.001983421
3005,1.6705017,0.14491257,0.07525962,5.70352E-06,0.002022255
3006,1.6606419,0.16043961,0.07844138,6.27319E-06,0.002060901
3007,1.6410654,0.19083962,0.08193439,6.92832E-06,0.002137636
3008,1.6508331,0.175725,0.08065048,6.68486E-06,0.002099349
3009,1.5429046,0.37767342,0.023909677,5.71895E-07,0.00252226
3010,1.552848,0.36152962,0.03431844,1.17666E-06,0.002483307
3011,1.5627805,0.34541744,0.043689467,1.90807E-06,0.002444398
3012,1.5727051,0.32936057,0.052017167,2.69482E-06,0.002405519
3013,1.5826265,0.31339058,0.059298553,3.47431E-06,0.002366651
3014,1.5925378,0.29754058,0.06553786,4.21537E-06,0.002327822
3015,1.6024204,0.2818473,0.07074631,4.89338E-06,0.002289102
3016,1.6122576,0.26634705,0.07494399,5.48739E-06,0.002250558
3017,1.6220452,0.25105304,0.0781636,5.9748E-06,0.002212204
3018,1.6317952,0.2359331,0.080446005,6.33487E-06,0.002173993
3019,1.6415299,0.220909,0.08182692,6.55501E-06,0.002135838
3020,1.6512733,0.20588084,0.082323514,6.62682E-06,0.002097647
3021,1.7602745,0.032381773,0.023955531,5.5567E-07,0.001670478
3022,1.7502815,0.048571896,0.034392808,1.10999E-06,0.001709635
3023,1.7402897,0.06475596,0.043799896,1.7648E-06,0.001748786
3024,1.7303002,0.08092309,0.052172445,2.48849E-06,0.001787926
3025,1.7203177,0.097063236,0.059509225,3.25452E-06,0.001827041
3026,1.7103486,0.113153085,0.065806836,4.02342E-06,0.001866105
3027,1.7004014,0.12913078,0.07105633,4.75009E-06,0.001905085
3028,1.6904886,0.14491123,0.075258695,5.39326E-06,0.001943935
3029,1.6806222,0.16043895,0.07844087,5.91947E-06,0.001982605
3030,1.6708052,0.17572482,0.08065027,6.30704E-06,0.002021085
3031,1.661028,0.19083944,0.081934415,6.54477E-06,0.00205941
3032,1.562816,0.37767395,0.023909964,5.58481E-07,0.002444278
3033,1.5727587,0.3615309,0.03431847,1.14553E-06,0.002405325
3034,1.5826899,0.34541973,0.04368915,1.8454E-06,0.002366418
3035,1.5926147,0.32936257,0.05201721,2.59644E-06,0.002327536
3036,1.6025368,0.313389,0.059300248,3.33672E-06,0.002288661
3037,1.6124486,0.29753456,0.06554103,4.02863E-06,0.002249826
3038,1.6223329,0.2818393,0.07074964,4.65872E-06,0.002211095
3039,1.6321741,0.26633996,0.074946545,5.20609E-06,0.00217253
3040,1.641969,0.25104856,0.078165144,5.64849E-06,0.002134143
3041,1.6517282,0.23593111,0.08044685,5.97099E-06,0.002095891
3042,1.661473,0.22090842,0.08182739,6.16393E-06,0.002057693
3043,1.6712266,0.20588055,0.08232377,6.22086E-06,0.002019458
3044,1.7802621,0.032381695,0.023954803,6.32757E-07,0.001592184
3045,1.7702698,0.048571296,0.034391604,1.2206E-06,0.001631335
3046,1.7602794,0.064754166,0.043797985,1.8768E-06,0.001670474
3047,1.7502929,0.08091992,0.052169945,2.56344E-06,0.001709599
3048,1.740314,0.09705861,0.059506334,3.25346E-06,0.001748694
3049,1.730347,0.11314672,0.065803684,3.92158E-06,0.001787746
3050,1.720398,0.12912342,0.07105341,4.54692E-06,0.001826731
3051,1.7104793,0.14490469,0.0752566,5.10657E-06,0.001865599
3052,1.7006049,0.16043457,0.07843974,5.57283E-06,0.001904298
3053,1.6907787,0.17572267,0.080649875,5.92245E-06,0.001942813
3054,1.6809916,0.19083877,0.08193443,6.14133E-06,0.001981178
3055,1.5827285,0.3776745,0.023910226,5.38099E-07,0.002366287
3056,1.5926725,0.36153245,0.034318335,1.10135E-06,0.002327328
3057,1.6026036,0.34542188,0.04368889,1.76486E-06,0.002288418
3058,1.6125274,0.32936424,0.052017376,2.46305E-06,0.002249536
3059,1.62245,0.31338903,0.059301235,3.1509E-06,0.002210657
3060,1.6323624,0.2975325,0.06554275,3.79616E-06,0.002171815
3061,1.6422478,0.28183672,0.07075134,4.37643E-06,0.002133075
3062,1.6520927,0.2663387,0.07494767,4.87663E-06,0.002094492
3063,1.6618938,0.25104883,0.078165814,5.27931E-06,0.002056075
3064,1.671662,0.2359321,0.08044731,5.57129E-06,0.002017784
3065,1.6814169,0.22090895,0.08182779,5.74656E-06,0.001979542
3066,1.6911806,0.20587914,0.082324035,5.79855E-06,0.001941265
3067,1.8002499,0.03238148,0.023953877,7.52779E-07,0.001513895
3068,1.7902585,0.04857019,0.034389995,1.40724E-06,0.001553039
3069,1.7802706,0.06475118,0.043795366,2.08846E-06,0.001592164
3070,1.770288,0.08091393,0.05216607,2.74705E-06,0.001631267
3071,1.7603137,0.09704791,0.059500907,3.35911E-06,0.001670339
3072,1.7503494,0.113130204,0.06579695,3.91529E-06,0.001709376
3073,1.7403983,0.12910302,0.07104669,4.41933E-06,0.001748364
3074,1.7304732,0.14488503,0.07525149,4.87156E-06,0.001787253
3075,1.7205896,0.16041973,0.07843686,5.25634E-06,0.001825984
3076,1.7107533,0.17571382,0.08064876,5.54964E-06,0.001864537
3077,1.700956,0.19083464,0.08193428,5.73413E-06,0.001902942
3078,1.6026409,0.37767518,0.023910353,5.06448E-07,0.002288291
3079,1.612586,0.36153474,0.034317724,1.02994E-06,0.002249325
3080,1.6225184,0.34542602,0.043687515,1.64675E-06,0.002210408
3081,1.6324414,0.32936895,0.052016027,2.29443E-06,0.002171526
3082,1.6423627,0.3133933,0.059300378,2.92776E-06,0.002132648
3083,1.6522753,0.29753652,0.06554222,3.52344E-06,0.002093803
3084,1.6621622,0.28184074,0.07075101,4.06111E-06,0.002055054
3085,1.6720108,0.2663426,0.074947536,4.51904E-06,0.00201645
3086,1.6818191,0.25105232,0.07816588,4.88502E-06,0.001978001
3087,1.8202378,0.032381117,0.0239527,9.23313E-07,0.001435617
3088,1.6915963,0.23593429,0.080447614,5.15286E-06,0.001939671
3089,1.7013611,0.22090848,0.08182826,5.31867E-06,0.001901386
3090,1.7111346,0.20587356,0.08232434,5.37928E-06,0.001863069
3091,1.8102472,0.048568152,0.03438768,1.67911E-06,0.001474753
3092,1.8002608,0.06474548,0.04379117,2.41249E-06,0.001513865
3093,1.7902808,0.08090245,0.052159507,3.0619E-06,0.00155295
3094,1.7803104,0.09702783,0.059491556,3.60497E-06,0.001592
3095,1.7703484,0.113099515,0.065785185,4.04542E-06,0.00163102
3096,1.7603956,0.1290641,0.07103455,4.40927E-06,0.001670008
3097,1.7504646,0.14484526,0.07524173,4.72806E-06,0.001708914
3098,1.7405728,0.1603871,0.07843094,5.00551E-06,0.001747674
3099,1.7307271,0.17569195,0.08064621,5.21917E-06,0.001786262
3100,1.7209198,0.1908225,0.08193374,5.34804E-06,0.001824706
3101,1.6225524,0.37767595,0.0239104,4.65421E-07,0.002210293
3102,1.6324974,0.3615367,0.034317244,9.40265E-07,0.002171326
3103,1.6424308,0.34542984,0.04368626,1.49634E-06,0.002132403
3104,1.6523544,0.32937452,0.052014213,2.08973E-06,0.002093517
3105,1.6622741,0.31339952,0.059298635,2.6763E-06,0.002054643
3106,1.6721857,0.2975427,0.06554087,3.22481E-06,0.002015797
3107,1.6820743,0.2818466,0.07075007,3.71426E-06,0.001977037
3108,1.6919283,0.26634777,0.07494706,4.13102E-06,0.001938409
3109,1.7017443,0.25105587,0.07816591,4.46572E-06,0.001899925
3110,1.8402252,0.032380704,0.023951273,1.16575E-06,0.001357353
3111,1.8302339,0.048565574,0.034384843,2.07126E-06,0.001396484
3112,1.7115308,0.23593514,0.08044808,4.717E-06,0.001861554
3113,1.7213049,0.22090426,0.08182898,4.88673E-06,0.00182323
3114,1.731087,0.20586063,0.08232472,4.97714E-06,0.001784876
3115,1.8202463,0.064738266,0.043786008,2.89551E-06,0.001435592
3116,1.8102659,0.0808877,0.052151293,3.55788E-06,0.001474666
3117,1.8002965,0.097001515,0.059479576,4.0397E-06,0.0015137
3118,1.7903358,0.11305799,0.065769576,4.35498E-06,0.001552705
3119,1.780382,0.12900868,0.0710176,4.55621E-06,0.001591688
3120,1.7704475,0.14478526,0.0752273,4.7131E-06,0.001630603
3121,1.7605498,0.16033424,0.078421585,4.85152E-06,0.001669383
3122,1.7506967,0.1756533,0.08064181,4.95565E-06,0.001707999
3123,1.7408812,0.19079848,0.0819326,5.00199E-06,0.001746477
3124,1.6424637,0.37767643,0.023910576,4.17524E-07,0.002132293
3125,1.6524074,0.3615378,0.034317244,8.43883E-07,0.002093328
3126,1.6623398,0.34543112,0.04368633,1.338E-06,0.002054408
3127,1.6722635,0.3293767,0.05201399,1.86505E-06,0.00201552
3128,1.682183,0.31340298,0.059298016,2.39469E-06,0.001976645
3129,1.6920944,0.297547,0.06554014,2.89095E-06,0.001937796
3130,1.7019862,0.2818509,0.070749566,3.33131E-06,0.00189902
3131,1.7118464,0.26635125,0.07494695,3.70486E-06,0.001860363
3132,1.7216705,0.25105757,0.07816627,4.01359E-06,0.001821843
3133,1.8602123,0.032380436,0.023949623,1.51766E-06,0.001279107
3134,1.850219,0.048563723,0.034382142,2.6469E-06,0.001318238
3135,1.8402276,0.06473252,0.04378142,3.61206E-06,0.001357344
3136,1.7314651,0.23593272,0.08044897,4.26127E-06,0.001783436
3137,1.7412472,0.220894,0.08183013,4.45237E-06,0.001745076
3138,1.7510363,0.20583835,0.0823252,4.59674E-06,0.001706689
3139,1.8302438,0.08087442,0.052143652,4.30914E-06,0.001396415
3140,1.8202728,0.09697546,0.059467655,4.72499E-06,0.001435438
3141,1.8103107,0.11301298,0.06575275,4.89299E-06,0.001474433
3142,1.8003558,0.12894465,0.07099816,4.90588E-06,0.00151341
3143,1.7904193,0.14471187,0.075209804,4.86367E-06,0.001552325
3144,1.780518,0.16026531,0.078409515,4.81957E-06,0.001591115
3145,1.7706597,0.17559886,0.08063571,4.77347E-06,0.001629752
3146,1.7608377,0.1907614,0.08193083,4.70447E-06,0.001668258
3147,1.662375,0.37767604,0.023911305,3.70205E-07,0.002054289
3148,1.6723175,0.36153704,0.03431832,7.44579E-07,0.002015329
3149,1.6822474,0.3454294,0.04368797,1.17761E-06,0.001976416
3150,1.6921688,0.32937422,0.052015956,1.63005E-06,0.001937534
3151,1.7020885,0.31340155,0.059299413,2.08249E-06,0.001898656
3152,1.7120026,0.29754716,0.06554086,2.5098E-06,0.001859794
3153,1.7218995,0.28185213,0.07074995,2.89189E-06,0.001820994
3154,1.7317663,0.2663522,0.07494744,3.22715E-06,0.001782308
3155,1.7415969,0.25105613,0.078167215,3.51958E-06,0.001743757
3156,1.8801994,0.032380376,0.023947656,2.02552E-06,0.001200885
3157,1.8702041,0.04856304,0.03437971,3.48183E-06,0.001240012
3158,1.8602091,0.0647291,0.043777756,4.65643E-06,0.001279113
3159,1.850221,0.08086454,0.052137446,5.41282E-06,0.001318177
3160,1.751398,0.23592557,0.08045048,3.77732E-06,0.001705318
3161,1.761186,0.22087647,0.081831805,4.01085E-06,0.001666927
3162,1.7709812,0.20580679,0.082325816,4.23851E-06,0.00162851
3163,1.8402448,0.09695265,0.059457026,5.74745E-06,0.001357195
3164,1.8302782,0.11296992,0.065736644,5.74166E-06,0.001396187
3165,1.8203212,0.12888044,0.070978746,5.52728E-06,0.001435155
3166,1.8103836,0.1446345,0.075191475,5.23405E-06,0.001474064
3167,1.8004798,0.16018815,0.07839613,4.94892E-06,0.00151286
3168,1.7906168,0.1755336,0.080628484,4.69647E-06,0.001551515
3169,1.7807888,0.1907133,0.081928566,4.46499E-06,0.001590048
3170,1.9001868,0.032380376,0.023945058,2.75015E-06,0.001122696
3171,1.6822866,0.37767497,0.023912435,3.25574E-07,0.001976283
3172,1.6922284,0.36153463,0.034320325,6.41745E-07,0.001937324
3173,1.7021567,0.3454258,0.04369055,9.9918E-07,0.001898416
3174,1.7120761,0.32936984,0.052018754,1.36746E-06,0.00185954
3175,1.721996,0.31339756,0.05930181,1.727E-06,0.001820659
3176,1.7319139,0.29754466,0.06554248,2.06947E-06,0.001781779
3177,1.7418159,0.28185043,0.07075119,2.38736E-06,0.001742956
3178,1.7516873,0.26634994,0.07494872,2.68321E-06,0.001704245
3179,1.7615219,0.25105086,0.078168906,2.96843E-06,0.001665671
3180,1.8901908,0.048562784,0.034376893,4.67834E-06,0.001161809
3181,1.8801942,0.06472713,0.043774385,6.16739E-06,0.001200891
3182,1.870202,0.0808577,0.052132413,7.02523E-06,0.001239938
3183,1.8602188,0.096934706,0.059448335,7.26711E-06,0.00127895
3184,1.7713269,0.23591305,0.08045273,3.25361E-06,0.001627206
3185,1.7811202,0.22085212,0.081834026,3.55529E-06,0.001588785
3186,1.7909219,0.20576856,0.0823266,3.90362E-06,0.001550332
3187,1.8502461,0.112934634,0.06572335,7.03601E-06,0.001317934
3188,1.8402861,0.12882549,0.07096219,6.51831E-06,0.001356891
3189,1.830347,0.14456466,0.07517509,5.89389E-06,0.001395792
3190,1.8204402,0.16011404,0.078383446,5.28804E-06,0.001434594
3191,1.8105717,0.17546622,0.08062118,4.7547E-06,0.00147327
3192,1.8007365,0.19065964,0.081926145,4.29789E-06,0.001511835
3193,1.9201745,0.032380197,0.02394138,3.78698E-06,0.00104455
3194,1.9101793,0.04856273,0.03437327,6.39774E-06,0.001083641
3195,1.7021986,0.3776745,0.023913119,2.70893E-07,0.001898272
3196,1.7121409,0.36153343,0.034321506,5.22082E-07,0.001859312
3197,1.7220696,0.3454238,0.043692186,7.93729E-07,0.001820402
3198,1.7319897,0.3293671,0.052020658,1.06095E-06,0.001781522
3199,1.7419112,0.31339428,0.059303816,1.31625E-06,0.001742632
3200,1.7518313,0.2975409,0.06554451,1.56042E-06,0.00170374
3201,1.761735,0.28184614,0.0707532,1.80396E-06,0.001664905
3202,1.7716067,0.26634407,0.074950896,2.06056E-06,0.001626183
3203,1.781442,0.2510411,0.078171484,2.34349E-06,0.001587593
3204,1.9001828,0.064727046,0.043771327,8.35118E-06,0.001122685
3205,1.8901882,0.0808552,0.05212903,9.38124E-06,0.001161696
3206,1.8801998,0.09692515,0.05944299,9.52011E-06,0.001200681
3207,1.8702219,0.112913206,0.065715075,8.97752E-06,0.001239644
3208,1.7912503,0.23589551,0.080455706,2.67096E-06,0.001549102
3209,1.8010496,0.22082335,0.081836686,3.06969E-06,0.001510644
3210,1.8108599,0.20572907,0.08232759,3.58304E-06,0.001472146
3211,1.860258,0.12878923,0.070951395,8.03105E-06,0.001278585
3212,1.8503153,0.14451492,0.075163715,6.94006E-06,0.001317481
3213,1.8404037,0.16005653,0.07837396,5.88903E-06,0.001356293
3214,1.830528,0.17540884,0.080615304,4.97129E-06,0.001394997
3215,1.8206837,0.19060932,0.081924155,4.20744E-06,0.001433603
3216,1.9401628,0.032378778,0.023935474,5.29271E-06,0.000966466
3217,1.9301693,0.04856229,0.034368046,8.87789E-06,0.00100552
3218,1.9201746,0.06472897,0.04376829,1.14952E-05,0.001044506
3219,1.9601519,0.032373704,0.02392506,7.63201E-06,0.000888462
3220,1.9801414,0.03236396,0.023908306,1.14278E-05,0.000810585
3221,1.7221107,0.377675,0.023913058,1.97596E-07,0.001820261
3222,1.7320542,0.3615345,0.034321215,3.70653E-07,0.001781296
3223,1.7419859,0.34542507,0.04369192,5.48946E-07,0.001742376
3224,1.7519093,0.32936695,0.0520212,7.07019E-07,0.001703482
3225,1.7618326,0.3133914,0.059305575,8.39258E-07,0.001664581
3226,1.7717519,0.29753503,0.06554726,9.675E-07,0.001625687
3227,1.7816517,0.2818377,0.07075646,1.11949E-06,0.001586856
3228,1.79152,0.2663335,0.07495426,1.32342E-06,0.001548134
3229,1.8013555,0.251027,0.07817494,1.60524E-06,0.001509527
3230,1.9101797,0.08085804,0.05212755,1.27825E-05,0.001083455
3231,1.9001889,0.096925676,0.059441615,1.2809E-05,0.001122384
3232,1.8902069,0.112908065,0.06571271,1.18532E-05,0.001161306
3233,1.8802378,0.12877598,0.07094774,1.02994E-05,0.001200223
3234,1.8111681,0.23587489,0.080459215,1.99189E-06,0.001471002
3235,1.8209754,0.2207946,0.08183957,2.5228E-06,0.001432495
3236,1.8307959,0.20569532,0.082328856,3.2525E-06,0.001393943
3237,1.8702893,0.14449227,0.07515915,8.53003E-06,0.001239117
3238,1.8603706,0.16002516,0.078369506,6.83611E-06,0.001277948
3239,1.8504857,0.1753721,0.08061221,5.37643E-06,0.001316689
3240,1.8406307,0.19057195,0.08192324,4.18969E-06,0.001355345
3241,1.9501616,0.04855769,0.03435834,1.24783E-05,0.000927472
3242,1.94017,0.06472856,0.043762438,1.60013E-05,0.000966368
3243,1.9301758,0.08086343,0.05212632,1.7661E-05,0.001005224
3244,1.9701574,0.048543703,0.034340184,1.81151E-05,0.000849509
3245,2.000129,0.03235384,0.023886196,1.76035E-05,0.000732917
3246,1.9901531,0.048521858,0.034313023,2.72618E-05,0.000771703
3247,1.7420231,0.37767538,0.023912998,1.13703E-07,0.001742248
3248,1.7519685,0.36153504,0.03432115,1.92787E-07,0.001703278
3249,1.761904,0.34542555,0.043691963,2.50932E-07,0.001664344
3250,1.7718319,0.3293659,0.05202207,2.74185E-07,0.001625432
3251,1.7817557,0.31338635,0.05930816,2.6175E-07,0.001586524
3252,1.7916696,0.29752532,0.06555134,2.45054E-07,0.00154764
3253,1.801562,0.28182486,0.07076105,2.79243E-07,0.001508824
3254,1.8114257,0.26631886,0.07495866,4.14586E-07,0.001470101
3255,1.8212625,0.25101033,0.07817901,6.92642E-07,0.001431468
3256,1.9201825,0.0969356,0.05944376,1.7537E-05,0.001044076
3257,1.9101954,0.112919495,0.06571635,1.60333E-05,0.001082935
3258,1.9002196,0.1287851,0.07095115,1.36322E-05,0.001121818
3259,1.8902628,0.14449538,0.075161286,1.08883E-05,0.001160709
3260,1.8310817,0.23585477,0.080462895,1.15979E-06,0.001392894
3261,1.840898,0.22077137,0.08184243,1.87189E-06,0.001354332
3262,1.8507274,0.20567288,0.08233051,2.89209E-06,0.001315724
3263,1.8803345,0.16002017,0.07837034,8.27239E-06,0.001199566
3264,1.8704393,0.17535898,0.080612466,6.0409E-06,0.001238355
3265,1.8605732,0.19055267,0.08192386,4.26218E-06,0.001277068
3266,1.9601724,0.06471696,0.04374833,2.24256E-05,0.000888295
3267,1.9501785,0.08086406,0.052121326,2.45843E-05,0.000927007
3268,1.9401777,0.09695241,0.05944813,2.43255E-05,0.000965759
3269,1.9801825,0.06468672,0.043721426,3.26607E-05,0.000810264
3270,2.020103,0.03235343,0.023862418,2.71054E-05,0.000655639
3271,2.010129,0.048507348,0.03428369,4.20055E-05,0.000694191
3272,2.0001807,0.06464296,0.04368297,4.91604E-05,0.000732395
3273,2.0400746,0.032369673,0.023837341,4.22693E-05,0.000578875
3274,1.7619362,0.37767476,0.023913525,2.55256E-08,0.001664236
3275,1.771884,0.36153302,0.03432253,-8.21718E-09,0.001625259
3276,1.7818229,0.3454217,0.04369423,-1.07693E-07,0.001586312
3277,1.7917533,0.32935992,0.052025225,-2.72374E-07,0.001547388
3278,1.8016754,0.3133771,0.059312426,-4.81184E-07,0.001508479
3279,1.8115816,0.29751235,0.06555655,-6.81618E-07,0.001469611
3280,1.8214654,0.28180945,0.0707664,-8.01937E-07,0.001430808
3281,1.8313261,0.2663032,0.074963406,-7.60467E-07,0.001392072
3282,1.8411663,0.250995,0.078183055,-4.80926E-07,0.001353398
3283,1.9301789,0.112947464,0.06572595,2.19938E-05,0.001004554
3284,1.9201902,0.12881629,0.0709617,1.84161E-05,0.001043394
3285,1.9102206,0.14452323,0.07517016,1.43219E-05,0.001082284
3286,1.9002802,0.16003938,0.07837639,1.03901E-05,0.001121183
3287,1.8509918,0.23583959,0.08046633,1.09517E-07,0.001314772
3288,1.8608139,0.22075742,0.081845194,1.08375E-06,0.001276159
3289,1.8706462,0.20566297,0.08233272,2.51054E-06,0.001237516
3290,1.8903742,0.17536718,0.08061606,7.07929E-06,0.001160033
3291,1.8804992,0.19055068,0.08192618,4.47942E-06,0.001198807
3292,1.9701958,0.080851704,0.05210829,3.40516E-05,0.000848826
3293,1.9601821,0.0969671,0.05945057,3.36879E-05,0.000887424
3294,1.9501574,0.11297993,0.06573711,3.0506E-05,0.000926148
3295,1.9902284,0.08078945,0.052069377,4.98119E-05,0.000770547
3296,2.0300567,0.048525672,0.034263793,6.41646E-05,0.000617294
3297,2.020124,0.064626694,0.04365348,7.55827E-05,0.000654868
3298,2.010245,0.08070097,0.052014984,7.43499E-05,0.00069233
3299,2.060087,0.032386076,0.02379259,6.92729E-05,0.000502771
3300,2.0499547,0.04858088,0.034251757,9.90867E-05,0.000541034
3301,2.080112,0.032417048,0.023724008,0.000119401,0.00042794
3302,1.7818495,0.3776737,0.02391425,-8.08764E-08,0.001586226
3303,1.7918003,0.36152995,0.034324396,-2.60697E-07,0.001547241
3304,1.8017427,0.34541613,0.0436973,-5.67079E-07,0.00150828
3305,1.8116732,0.32935217,0.052029047,-9.81888E-07,0.00146935
3306,1.8215901,0.31336728,0.05931681,-1.45979E-06,0.001430451
3307,1.8314887,0.29750103,0.0655611,-1.91829E-06,0.001391595
3308,1.8413664,0.28179777,0.07077068,-2.24184E-06,0.001352789
3309,1.8512261,0.26629215,0.07496722,-2.31167E-06,0.001314025
3310,1.8610684,0.2509853,0.07818643,-2.00431E-06,0.001275306
3311,1.9401425,0.1288675,0.07097895,2.52307E-05,0.000964964
3312,1.9301473,0.14458229,0.07518766,1.92343E-05,0.001003867
3313,1.9201839,0.16008961,0.07838928,1.34515E-05,0.001042841
3314,1.9102632,0.17539889,0.080623545,8.61867E-06,0.001081793
3315,1.8708944,0.23583138,0.08046943,-1.2085E-06,0.00123664
3316,1.8807122,0.22075173,0.0818481,1.57021E-07,0.001198011
3317,1.8905338,0.20566306,0.0823357,2.17509E-06,0.001159375
3318,1.9003838,0.19056436,0.08193035,4.95262E-06,0.001120635
3319,1.9802215,0.097003244,0.05946116,4.60433E-05,0.000808973
3320,1.9701464,0.1130193,0.06575042,4.14873E-05,0.000847687
3321,1.9600831,0.12894353,0.071004584,3.50333E-05,0.000886443
3322,2.0003421,0.09682624,0.05938136,6.69139E-05,0.000730096
3323,2.0203762,0.096607395,0.059283957,9.83468E-05,0.000651172
3324,2.0399334,0.064707786,0.043667607,0.000113478,0.000578366
3325,2.0301924,0.08067474,0.05198831,0.000114366,0.000614325
3326,2.0699031,0.048612345,0.034204945,0.000159623,0.000465411
3327,2.059523,0.06489687,0.043731045,0.000171316,0.00050282
3328,2.1001532,0.03246232,0.023608139,0.000210061,0.00035576
3329,2.089703,0.0487046,0.03416677,0.000264382,0.000390633
3330,2.1203077,0.032527987,0.023418348,0.000369842,0.000288169
3331,1.8017626,0.37767303,0.02391455,-2.3256E-07,0.00150822
3332,1.8117162,0.36152813,0.034325294,-6.17483E-07,0.001469228
3333,1.821663,0.3454133,0.043698616,-1.20635E-06,0.001430251
3334,1.831595,0.32934955,0.052030165,-1.95824E-06,0.001391311
3335,1.8415062,0.3133655,0.059317578,-2.78941E-06,0.001352418
3336,1.8513969,0.29749915,0.06556213,-3.58337E-06,0.001313568
3337,1.8612701,0.2817954,0.070772216,-4.17388E-06,0.001274744
3338,1.8711272,0.26628914,0.07496939,-4.36393E-06,0.001235944
3339,1.8809642,0.25098103,0.07818934,-3.97175E-06,0.001197194
3340,1.9500412,0.14469159,0.075218864,2.60615E-05,0.000925404
3341,1.9400338,0.1602022,0.07841502,1.77025E-05,0.000964521
3342,1.93009,0.17549108,0.08063961,1.09992E-05,0.00100365
3343,1.9202062,0.19061913,0.0819381,5.73725E-06,0.001042625
3344,1.8907771,0.23582569,0.08047295,-2.85641E-06,0.001158528
3345,1.9005728,0.2207474,0.081851795,-9.64103E-07,0.001119943
3346,1.9103667,0.20567656,0.082339704,1.81493E-06,0.001081377
3347,1.9901817,0.11307539,0.06577066,5.69476E-05,0.00076913
3348,1.9800283,0.12904502,0.07103832,4.64921E-05,0.000807984
3349,1.969931,0.14487039,0.07526913,3.6506E-05,0.00084663
3350,2.0100644,0.11265304,0.06561814,8.09257E-05,0.000690673
3351,2.029978,0.112198986,0.065454796,0.000118654,0.000612113
3352,2.040462,0.096500896,0.059238147,0.000152499,0.000571606
3353,2.0497496,0.08094175,0.05209829,0.000166595,0.000538292
3354,2.0790439,0.0648925,0.04367545,0.000262053,0.000427466
3355,2.0688002,0.08137521,0.052287303,0.00024675,0.000463856
3356,2.098854,0.065111466,0.043737374,0.000413083,0.000348742
3357,2.1098824,0.048793685,0.034085575,0.000434996,0.000316931
3358,2.1407788,0.032362517,0.02296262,0.000609329,0.000229976
3359,2.1300423,0.048905727,0.03399182,0.000689406,0.000244925
3360,2.1606505,0.030172668,0.021131078,0.000729932,0.000198681
3361,1.8216754,0.37767285,0.023914332,-4.50877E-07,0.001430222
3362,1.8316311,0.3615277,0.034325056,-1.12267E-06,0.001391227
3363,1.8415817,0.3454137,0.04369786,-2.10457E-06,0.001352236
3364,1.8515167,0.32935265,0.05202821,-3.31926E-06,0.001313278
3365,1.8614265,0.3133722,0.059314538,-4.63267E-06,0.001274373
3366,1.8713113,0.2975073,0.065559454,-5.86106E-06,0.00123551
3367,1.8811779,0.28180066,0.07077161,-6.77209E-06,0.001196659
3368,1.891025,0.26628858,0.07497141,-7.08381E-06,0.00115783
3369,1.9008415,0.25097248,0.07819379,-6.52707E-06,0.001119085
3370,1.959849,0.16044393,0.07846631,2.32931E-05,0.000886016
3371,1.9498422,0.17572881,0.080674745,1.38131E-05,0.000925604
3372,1.939914,0.19073538,0.081950806,6.77174E-06,0.000964918
3373,1.930104,0.20570518,0.082345076,1.6364E-06,0.001003683
3374,1.9106193,0.23580869,0.08047887,-4.93752E-06,0.001080488
3375,1.9203706,0.22073227,0.08185723,-2.32546E-06,0.00104203
3376,1.9999173,0.12896742,0.07102108,6.53311E-05,0.000729625
3377,1.9797258,0.160896,0.07855971,3.46161E-05,0.000806545
3378,1.9898325,0.14509535,0.07533154,4.74909E-05,0.000768105
3379,2.0195913,0.12824282,0.07080998,9.2522E-05,0.000652198
3380,2.0384479,0.1269921,0.070437156,0.000137927,0.000579766
3381,2.049893,0.11197857,0.065377064,0.000181423,0.000530136
3382,2.059586,0.097495005,0.059669834,0.000213192,0.000496636
3383,2.0875325,0.08163793,0.05238616,0.000355222,0.00039108
3384,2.0773666,0.09786841,0.05982703,0.000313886,0.000424656
3385,2.1056242,0.08338794,0.053228393,0.000500156,0.000315798
3386,2.120097,0.06740638,0.04499703,0.000654496,0.000269736
3387,2.1380951,0.06325494,0.042580765,0.000824437,0.000199898
3388,2.1511447,0.049236976,0.034097668,0.000897129,0.000174881
3389,2.169198,0.044402912,0.0309362,0.000243045,0.000125566
3390,1.8415879,0.37767273,0.023913786,-7.49979E-07,0.001352235
3391,1.8515444,0.36152768,0.03432421,-1.81077E-06,0.001313246
3392,1.8614966,0.34541434,0.043696538,-3.33013E-06,0.001274251
3393,1.8714329,0.32935554,0.05202596,-5.18436E-06,0.001235276
3394,1.881343,0.31337765,0.059311777,-7.166E-06,0.001196341
3395,1.8912257,0.29751244,0.065557815,-8.99656E-06,0.001157436
3396,1.901084,0.28179997,0.07077307,-1.0324E-05,0.001118541
3397,1.9109101,0.266275,0.07497724,-1.07464E-05,0.001079695
3398,1.9206845,0.25093934,0.078203775,-9.8761E-06,0.001041007
3399,1.9694825,0.17619473,0.08073829,1.57843E-05,0.00084739
3400,1.959486,0.19104673,0.08197671,8.10038E-06,0.000887853
3401,1.9496512,0.20577876,0.082352206,1.28217E-06,0.000926764
3402,1.940088,0.22066917,0.08186714,-3.91008E-06,0.000964393
3403,1.9303963,0.2357553,0.08049059,-7.4875E-06,0.001002591
3404,2.0096264,0.14484282,0.07528651,7.03973E-05,0.000689407
3405,1.9895352,0.17710677,0.080858536,2.98784E-05,0.000766171
3406,1.9997079,0.1616421,0.07870606,4.28423E-05,0.000727212
3407,2.0291765,0.14390285,0.07507988,0.000103676,0.000611429
3408,2.047942,0.14195034,0.07463025,0.000130075,0.000534467
3409,2.0547707,0.12756954,0.07059256,0.000166849,0.000508006
3410,2.0706303,0.11651379,0.06708919,0.000262018,0.000447867
3411,2.0951624,0.097812235,0.05982489,0.000385882,0.000358108
3412,2.0870059,0.110792734,0.064989105,0.000323577,0.000383048
3413,2.1098518,0.09830399,0.0600612,0.000485108,0.000285965
3414,2.1222546,0.09009082,0.05651302,0.000613782,0.000238718
3415,2.1366696,0.07909615,0.051192954,0.000760356,0.000178925
3416,2.1525786,0.0693459,0.046172682,0.000740996,0.00011198
3417,2.1681552,0.060110684,0.04093966,0.000208068,4.80908E-05
3418,1.8614997,0.3776726,0.02391288,-1.15355E-06,0.001274266
3419,1.8714556,0.36152762,0.034322847,-2.74648E-06,0.001235292
3420,1.8814068,0.345414,0.043695174,-5.00307E-06,0.001196303
3421,1.8913434,0.32935473,0.05202496,-7.74485E-06,0.001157309
3422,1.901255,0.3133752,0.059312,-1.06603E-05,0.001118325
3423,1.9111373,0.2975043,0.06556096,-1.33298E-05,0.001079346
3424,1.920985,0.28177887,0.070781104,-1.52417E-05,0.00104038
3425,1.9307771,0.26622874,0.07499199,-1.57932E-05,0.001001516
3426,1.9404826,0.25085154,0.07822533,-1.44186E-05,0.00096293
3427,1.9783986,0.19193117,0.08203665,7.08243E-06,0.000813697
3428,1.9687154,0.20595953,0.082361534,-7.69703E-07,0.000851974
3429,1.959586,0.22055078,0.08188224,-6.20731E-06,0.00088751
3430,1.9500793,0.23562044,0.080514066,-1.10164E-05,0.000924857
3431,1.995709,0.19324295,0.082113154,8.22702E-06,0.000742256
3432,2.0195315,0.16119516,0.07865199,6.97924E-05,0.000647887
3433,2.0095284,0.17986585,0.08120191,3.84952E-05,0.000687853
3434,2.0399196,0.16018818,0.07852991,9.53352E-05,0.000569201
3435,2.0571861,0.15396205,0.07732698,0.000132761,0.000495508
3436,2.06815,0.13908733,0.073965445,0.000187362,0.000449633
3437,2.0877745,0.12746583,0.07066659,0.000281722,0.000375234
3438,2.1035926,0.11488242,0.06658661,0.000379508,0.000304911
3439,2.1211061,0.10765779,0.06395608,0.000478964,0.000233235
3440,2.1368694,0.09820439,0.06023413,0.000596414,0.000166606
3441,2.1524663,0.088477544,0.055975143,0.000557359,9.08234E-05
3442,2.1682055,0.07878261,0.05133857,2.73581E-05,1.79685E-05
3443,1.8814106,0.37767276,0.023911247,-1.71001E-06,0.001196322
3444,1.8913648,0.36152807,0.034320466,-4.05153E-06,0.001157372
3445,1.9013145,0.34541422,0.043692686,-7.34672E-06,0.00111839
3446,1.911253,0.32935268,0.052023835,-1.13288E-05,0.001079364
3447,1.9211704,0.31336665,0.059314333,-1.55439E-05,0.001040294
3448,1.9310566,0.29748273,0.06556893,-1.93788E-05,0.001001189
3449,1.9408915,0.28173155,0.07079765,-2.20946E-05,0.000962106
3450,1.9506354,0.26613116,0.07502062,-2.28055E-05,0.000923198
3451,1.9602439,0.25066248,0.078267515,-2.06657E-05,0.000884699
3452,1.9865102,0.20621343,0.082375616,-3.42186E-06,0.00078423
3453,1.9786602,0.22023635,0.08191148,-8.90626E-06,0.000813006
3454,1.9696506,0.23529741,0.08056252,-1.5615E-05,0.000847116
3455,1.9999337,0.20613986,0.082369015,-4.20416E-06,0.000724129
3456,2.0103476,0.19820066,0.082337365,1.99407E-05,0.000684299
3457,2.0292284,0.17672734,0.08086868,4.8867E-05,0.000613123
3458,2.0226376,0.19094235,0.082022645,4.2185E-05,0.0006328
3459,2.0445647,0.17716943,0.08093026,7.46428E-05,0.00054449
3460,2.0569155,0.16884443,0.07990913,0.000114991,0.000492788
3461,2.0714614,0.1584395,0.07826075,0.000128431,0.000429622
3462,2.0872855,0.147709,0.07610881,0.000217953,0.000373254
3463,2.1038837,0.13597563,0.0732393,0.000280619,0.00029913
3464,2.1202154,0.12631527,0.070476204,0.000365923,0.000230616
3465,2.1364176,0.117178224,0.06758052,0.000436607,0.000157818
3466,2.1523035,0.10750787,0.06416089,0.000398549,8.3633E-05
3467,2.168171,0.09792836,0.060345784,-6.50809E-05,3.52248E-06
3468,1.9013213,0.3776738,0.023908298,-2.5027E-06,0.001118411
3469,1.9112743,0.3615303,0.03431597,-5.91984E-06,0.001079489
3470,1.9212247,0.34541726,0.043687534,-1.07108E-05,0.001040506
3471,1.9311697,0.3293538,0.05202018,-1.6452E-05,0.001001415
3472,1.9411016,0.31335825,0.05931598,-2.2446E-05,0.000962191
3473,1.9510044,0.2974513,0.0655804,-2.78428E-05,0.000922858
3474,1.9608322,0.281657,0.07082316,-3.15944E-05,0.000883567
3475,1.9705139,0.26596415,0.075068034,-3.2617E-05,0.00084456
3476,1.9800225,0.25030848,0.078342855,-2.9658E-05,0.000805931
3477,1.9959133,0.21896331,0.08198872,-1.71181E-05,0.000742607
3478,1.9892889,0.2344599,0.08067575,-2.58289E-05,0.000767519
3479,2.0111854,0.21400107,0.08225371,-1.75735E-05,0.000680874
3480,2.0256407,0.2055971,0.08243432,9.74393E-06,0.000623625
3481,2.039344,0.19339089,0.08222194,2.8794E-05,0.000561071
3482,2.0563352,0.18630269,0.08182011,4.84669E-05,0.00049548
3483,2.0720387,0.17700915,0.08100424,7.64005E-05,0.000429474
3484,2.08764,0.16690588,0.07973166,0.000132875,0.000366378
3485,2.1037505,0.15647675,0.0780266,0.000195108,0.000299299
3486,2.1201112,0.14626117,0.075920895,0.000250583,0.000228561
3487,2.1361604,0.13652563,0.07356017,0.000293422,0.000155956
3488,2.1521845,0.12691541,0.07089518,0.000255795,8.18543E-05
3489,2.1681213,0.11723801,0.067811534,-0.000101894,4.21152E-06
3490,1.921232,0.37767616,0.0239034,-3.65924E-06,0.001040544
3491,1.9311855,0.36153573,0.03430809,-8.65305E-06,0.001001656
3492,1.9411411,0.34542507,0.043678217,-1.56192E-05,0.000962654
3493,1.9511018,0.32935992,0.05201283,-2.38638E-05,0.000923443
3494,1.9610692,0.31335387,0.059315257,-3.22112E-05,0.000883936
3495,1.9710277,0.29741523,0.06559351,-3.93095E-05,0.000844153
3496,1.9808656,0.28157157,0.07085272,-4.3465E-05,0.000804568
3497,1.9904324,0.26571873,0.07513675,-4.45853E-05,0.000765851
3498,1.9998434,0.24991548,0.07842731,-4.06478E-05,0.000727483
3499,2.0096068,0.23275813,0.08091767,-4.19864E-05,0.000690847
3500,2.0254028,0.22262861,0.08179803,-3.61616E-05,0.000621718
3501,2.0408404,0.21267177,0.08236522,-1.14599E-05,0.000556762
3502,2.0561728,0.20431995,0.08250406,7.68182E-06,0.00049498
3503,2.072052,0.19554909,0.08237832,2.72944E-05,0.000429074
3504,2.0878444,0.18601324,0.08189343,6.24391E-05,0.00036389
3505,2.103752,0.17604336,0.081011385,0.00011066,0.000297219
3506,2.1198366,0.16596721,0.07973433,0.000159525,0.000229277
3507,2.1359847,0.156108,0.07809741,0.00018373,0.000157766
3508,2.1520495,0.14637738,0.07611721,0.00014907,8.49283E-05
3509,2.16806,0.13667512,0.07375578,-0.000111278,1.0428E-05
3510,1.9411428,0.37768006,0.02389593,-5.38135E-06,0.000962742
3511,1.9510974,0.36154422,0.034296267,-1.27414E-05,0.000923901
3512,1.9610593,0.34543714,0.043664474,-2.29763E-05,0.000884875
3513,1.9710479,0.3293691,0.05200253,-3.49906E-05,0.000845451
3514,1.9810973,0.31335285,0.059312966,-4.69536E-05,0.00080538
3515,1.9912382,0.2973983,0.065600686,-5.68278E-05,0.000764323
3516,2.0011244,0.28159127,0.07085234,-6.51417E-05,0.000724253
3517,2.0102506,0.26582003,0.0751307,-7.02027E-05,0.000687693
3518,2.0193393,0.25053003,0.07833705,-6.81929E-05,0.000649831
3519,2.0269907,0.23705074,0.080379836,-5.87959E-05,0.000619345
3520,2.0408964,0.23159395,0.081084676,-5.09875E-05,0.000555131
3521,2.0564115,0.22351985,0.081833534,-3.92454E-05,0.000494811
3522,2.0720537,0.21448544,0.082371384,-2.81563E-05,0.000429189
3523,2.0878844,0.20515077,0.082603484,-1.89745E-06,0.000363213
3524,2.1037452,0.19542512,0.0824818,3.50214E-05,0.000296557
3525,2.11975,0.18549076,0.0819778,7.61839E-05,0.000228937
3526,2.1358275,0.17562982,0.081098475,0.000103248,0.000160022
3527,2.1519227,0.16588686,0.079847954,8.1267E-05,8.94518E-05
3528,2.1679876,0.15616329,0.0782023,-9.61923E-05,1.81038E-05
3529,1.9610535,0.37768564,0.023885043,-7.9979E-06,0.000885035
3530,1.9710062,0.36155415,0.034280483,-1.89816E-05,0.000846269
3531,1.9809624,0.3454486,0.04364789,-3.43143E-05,0.000807238
3532,1.9909793,0.3293718,0.051993474,-5.25535E-05,0.000767554
3533,2.0011702,0.31335044,0.059311748,-7.18728E-05,0.000726547
3534,2.0119283,0.29756042,0.065548435,-8.84326E-05,0.000683051
3535,2.0220082,0.28170663,0.070825584,-0.000100291,0.000641592
3536,2.0288098,0.26584956,0.075154,-9.02213E-05,0.000616926
3537,2.0398428,0.25082266,0.07831665,-9.91423E-05,0.000566205
3538,2.0411506,0.26483783,0.07538819,-0.000133387,0.000559736
3539,2.0558906,0.24287006,0.07967947,-8.77877E-05,0.000497975
3540,2.071955,0.23384863,0.08091173,-8.61931E-05,0.000431855
3541,2.0878594,0.22450908,0.08185194,-7.03417E-05,0.000363952
3542,2.1038117,0.2148556,0.08247004,-3.81654E-05,0.000296231
3543,2.1197915,0.20505857,0.082723156,7.08982E-07,0.000228619
3544,2.135815,0.19522025,0.08259476,3.4413E-05,0.000160704
3545,2.1518795,0.18543588,0.082081035,3.7645E-05,9.25366E-05
3546,2.1679416,0.17568512,0.081163004,-6.20681E-05,2.43672E-05
3547,1.9809635,0.37769204,0.023870114,-1.18831E-05,0.00080748
3548,1.9909085,0.3615602,0.0342623,-2.81599E-05,0.000768851
3549,2.00084,0.34544173,0.043636147,-5.05446E-05,0.000729894
3550,2.010757,0.3293399,0.05199637,-7.59111E-05,0.000690313
3551,2.0209897,0.31315377,0.05939114,-9.93642E-05,0.000648923
3552,2.0314708,0.2967461,0.06585484,-0.000115399,0.00060562
3553,2.0421617,0.2788165,0.071722515,-0.000138798,0.000563508
3554,2.0545704,0.26371834,0.07571262,-0.000137407,0.000501028
3555,2.0716681,0.2537165,0.07785256,-0.000145325,0.000435303
3556,2.087848,0.2439886,0.07959725,-0.000137965,0.000365455
3557,2.1038194,0.23435552,0.08095999,-0.000112342,0.000296545
3558,2.1198187,0.22457658,0.08196715,-7.34064E-05,0.000228231
3559,2.1358297,0.21478093,0.08259149,-2.90668E-05,0.000160493
3560,2.1518664,0.20498708,0.08282145,3.26844E-06,9.35092E-05
3561,2.1679168,0.19521955,0.0826395,-1.92449E-05,2.77362E-05
3562,2.000877,0.37769693,0.023851063,-1.78188E-05,0.000730121
3563,2.0108175,0.36155707,0.03424299,-4.21976E-05,0.000691634
3564,2.0207372,0.3454209,0.043625884,-7.53374E-05,0.000652615
3565,2.0306685,0.32922646,0.052036367,-0.000112583,0.000612481
3566,2.0406258,0.31279173,0.059543796,-0.000149143,0.000570302
3567,2.0505295,0.29627728,0.06602876,-0.00018695,0.000526159
3568,2.0579445,0.28122234,0.0709984,-0.000184576,0.00049545
3569,2.0719564,0.27372423,0.07322001,-0.000193276,0.000437918
3570,2.0879369,0.26363713,0.075796396,-0.000210854,0.000368115
3571,2.1038566,0.25385135,0.07794552,-0.000192321,0.000297516
3572,2.1198282,0.24409394,0.07971181,-0.000154846,0.000228178
3573,2.13584,0.23431161,0.0810951,-9.76465E-05,0.00015939
3574,2.1518674,0.22452968,0.08207745,-3.15745E-05,9.23972E-05
3575,2.1679099,0.21475536,0.082637705,2.5068E-05,2.77403E-05
3576,2.0208044,0.3776969,0.02382737,-2.71441E-05,0.000653046
3577,2.030758,0.36156258,0.034208264,-6.4212E-05,0.000614734
3578,2.0407207,0.3453828,0.043615907,-0.000114022,0.000575426
3579,2.0507283,0.32907623,0.052088823,-0.000168245,0.000534322
3580,2.0609074,0.31240386,0.059704278,-0.000215544,0.000490333
3581,2.0713396,0.29400784,0.06689773,-0.000249128,0.000447611
3582,2.0881186,0.28259918,0.07066532,-0.000278251,0.000372886
3583,2.1038842,0.27343756,0.07339883,-0.000279225,0.000299983
3584,2.1198297,0.26358354,0.07595444,-0.000251552,0.000229099
3585,2.1358366,0.25382105,0.07810529,-0.000181946,0.000158045
3586,2.151868,0.24405937,0.07984909,-7.8136E-05,8.95208E-05
3587,2.1679094,0.23428884,0.081160516,6.58856E-05,2.45126E-05
3588,2.040747,0.37772074,0.02377509,-4.26254E-05,0.000576422
3589,2.0507226,0.36159688,0.034140818,-0.000101283,0.000538263
3590,2.0607529,0.3454096,0.043558512,-0.0001782,0.000498151
3591,2.0707939,0.32925123,0.051979586,-0.000257286,0.000455142
3592,2.0806177,0.31314084,0.059400167,-0.000314093,0.000410527
3593,2.0893035,0.29868713,0.0651778,-0.000322035,0.000373905
3594,2.103872,0.29283637,0.0673875,-0.000366193,0.000304468
3595,2.119775,0.28299522,0.070704326,-0.000365269,0.000233003
3596,2.1357968,0.27328822,0.07361813,-0.000290844,0.000157588
3597,2.151858,0.26357585,0.07612906,-0.000147801,8.59076E-05
3598,2.1679075,0.25381792,0.078203246,9.70406E-05,1.86008E-05
3599,2.060687,0.3778004,0.023664271,-7.00533E-05,0.000500669
3600,2.0706847,0.3617307,0.033988927,-0.00016356,0.000462702
3601,2.080729,0.34573197,0.043322276,-0.000276736,0.00042178
3602,2.0910275,0.32974482,0.051715445,-0.000376048,0.000375274
3603,2.1020164,0.31257418,0.059709,-0.000444052,0.000326802
3604,2.1195173,0.30181795,0.06414075,-0.000489204,0.000240936
3605,2.1356442,0.29262945,0.06764768,-0.000424668,0.000160115
3606,2.1518347,0.28310463,0.07088967,-0.000250502,8.34871E-05
3607,2.167903,0.27334875,0.07374912,0.000111311,1.13476E-05
3608,2.0806124,0.3779595,0.023465201,-0.000120502,0.000426289
3609,2.0905507,0.36214185,0.03363426,-0.000269529,0.000388314
3610,2.100417,0.34662408,0.042757455,-0.000430878,0.000345784
3611,2.1113713,0.3314532,0.050871868,-0.000559145,0.000294332
3612,2.1203687,0.3179218,0.057362687,-0.000574358,0.000247758
3613,2.135427,0.31195062,0.060147855,-0.000571858,0.000167059
3614,2.1515112,0.30260924,0.06409718,-0.000396651,8.69352E-05
3615,2.1678703,0.29287946,0.06776621,9.83968E-05,5.65379E-06
3616,2.100453,0.3781786,0.023167998,-0.000209182,0.000355158
3617,2.1104088,0.3626263,0.03318948,-0.000435864,0.00031625
3618,2.120165,0.347386,0.042261314,-0.000642644,0.000274131
3619,2.1321747,0.33146387,0.050949804,-0.000727434,0.000200972
3620,2.1506908,0.32193294,0.055774085,-0.000588867,0.000101674
3621,2.1675205,0.3123277,0.06023356,2.74341E-05,8.01063E-06
3622,2.120153,0.3782768,0.022866655,-0.000367724,0.000289572
3623,2.1301777,0.36325997,0.032622207,-0.000684582,0.000245475
3624,2.1364408,0.34888798,0.041348998,-0.0008101,0.0002046
3625,2.15076,0.34071463,0.046138473,-0.000736918,0.000122618
3626,2.1673129,0.33165795,0.051123828,-8.845E-05,2.48973E-05
3627,2.139138,0.3779547,0.022751724,-0.000600589,0.000239898
3628,2.15011,0.3616779,0.033533428,-0.000877641,0.00016712
3629,2.1675372,0.3513273,0.040100023,-0.000240677,6.38018E-05
3630,2.1547892,0.3792078,0.021571476,-0.000734873,0.000213196
3631,2.1691136,0.3709942,0.027408266,-0.000323613,0.000133748
